	  26    24    79    46    32    35    73    74    14    67    86    46    78    40    29    94    64    27    90    55
    35    52    36    69    85    95    14    78    37    86    44    28    39    12    30    68    70     9    49    50
     1    10     9    10    10     4     3     2    10     3     7     3     1     3    10     4     7     7     4     7
     5     3     5     4     9     5     2     8    10     4     7     4     9     5     7     7     5    10     1     3
  1588  1620  1731  1773  1694  1487  1566  1844  1727  1636  1599  1539  1855  1645  1709  1660  1582  1836  1484  1559
  1772  1510  1512  1795  1522  1509  1598  1658  1826  1628  1650  1833  1627  1528  1541  1497  1481  1446  1579  1814
  26    24    79    46    32    35    73    74    14    67    86    46    78    40    29    94    64    27    90    55
    35    52    36    69    85    95    14    78    37    86    44    28    39    12    30    68    70     9    49    50
     1    10     9    10    10     4     3     2    10     3     7     3     1     3    10     4     7     7     4     7
     5     3     5     4     9     5     2     8    10     4     7     4     9     5     7     7     5    10     1     3
  1588  1620  1731  1773  1694  1487  1566  1844  1727  1636  1599  1539  1855  1645  1709  1660  1582  1836  1484  1559
  1772  1510  1512  1795  1522  1509  1598  1658  1826  1628  1650  1833  1627  1528  1541  1497  1481  1446  1579  1814
  26    24    79    46    32    35    73    74    14    67    86    46    78    40    29    94    64    27    90    55
    35    52    36    69    85    95    14    78    37    86    44    28    39    12    30    68    70     9    49    50
     1    10     9    10    10     4     3     2    10     3     7     3     1     3    10     4     7     7     4     7
     5     3     5     4     9     5     2     8    10     4     7     4     9     5     7     7     5    10     1     3
  1588  1620  1731  1773  1694  1487  1566  1844  1727  1636  1599  1539  1855  1645  1709  1660  1582  1836  1484  1559
  1772  1510  1512  1795  1522  1509  1598  1658  1826  1628  1650  1833  1627  1528  1541  1497  1481  1446  1579  1814
     75    33    77    73    71    24    90    94    44    57    11    67    77    27    27   100    83    81     1     5
     3    20    75    97     4    98    70    92    84    20    83    12    67    48    90    80     5    94    47    24
     8     2     8     1     7     6     8     5     3     7    10     6     7     3     5     7     7     9     9     2
     3     6     9     6    10    10     6     5     2     5     7     6     3     8     9     7     4     5     4     6
  1472  1343  1218  1338  1495  1463  1444  1249  1121  1325  1366  1368  1186  1545  1396  1517  1141  1538  1405  1508
  1238  1175  1238  1351  1376  1324  1450  1237  1504  1498  1148  1307  1353  1291  1404  1188  1292  1140  1315  1540
     75    33    77    73    71    24    90    94    44    57    11    67    77    27    27   100    83    81     1     5
     3    20    75    97     4    98    70    92    84    20    83    12    67    48    90    80     5    94    47    24
     8     2     8     1     7     6     8     5     3     7    10     6     7     3     5     7     7     9     9     2
     3     6     9     6    10    10     6     5     2     5     7     6     3     8     9     7     4     5     4     6
  1472  1343  1218  1338  1495  1463  1444  1249  1121  1325  1366  1368  1186  1545  1396  1517  1141  1538  1405  1508
  1238  1175  1238  1351  1376  1324  1450  1237  1504  1498  1148  1307  1353  1291  1404  1188  1292  1140  1315  1540
     75    33    77    73    71    24    90    94    44    57    11    67    77    27    27   100    83    81     1     5
     3    20    75    97     4    98    70    92    84    20    83    12    67    48    90    80     5    94    47    24
     8     2     8     1     7     6     8     5     3     7    10     6     7     3     5     7     7     9     9     2
     3     6     9     6    10    10     6     5     2     5     7     6     3     8     9     7     4     5     4     6
  1472  1343  1218  1338  1495  1463  1444  1249  1121  1325  1366  1368  1186  1545  1396  1517  1141  1538  1405  1508
  1238  1175  1238  1351  1376  1324  1450  1237  1504  1498  1148  1307  1353  1291  1404  1188  1292  1140  1315  1540
  	26    24    79    46    32    35    73    74    14    67    86    46    78    40    29    94    64    27    90    55
    35    52    36    69    85    95    14    78    37    86    44    28    39    12    30    68    70     9    49    50
     1    10     9    10    10     4     3     2    10     3     7     3     1     3    10     4     7     7     4     7
     5     3     5     4     9     5     2     8    10     4     7     4     9     5     7     7     5    10     1     3
  1588  1620  1731  1773  1694  1487  1566  1844  1727  1636  1599  1539  1855  1645  1709  1660  1582  1836  1484  1559
  1772  1510  1512  1795  1522  1509  1598  1658  1826  1628  1650  1833  1627  1528  1541  1497  1481  1446  1579  1814
  26    24    79    46    32    35    73    74    14    67    86    46    78    40    29    94    64    27    90    55
    35    52    36    69    85    95    14    78    37    86    44    28    39    12    30    68    70     9    49    50
     1    10     9    10    10     4     3     2    10     3     7     3     1     3    10     4     7     7     4     7
     5     3     5     4     9     5     2     8    10     4     7     4     9     5     7     7     5    10     1     3
  1588  1620  1731  1773  1694  1487  1566  1844  1727  1636  1599  1539  1855  1645  1709  1660  1582  1836  1484  1559
  1772  1510  1512  1795  1522  1509  1598  1658  1826  1628  1650  1833  1627  1528  1541  1497  1481  1446  1579  1814
  26    24    79    46    32    35    73    74    14    67    86    46    78    40    29    94    64    27    90    55
    35    52    36    69    85    95    14    78    37    86    44    28    39    12    30    68    70     9    49    50
     1    10     9    10    10     4     3     2    10     3     7     3     1     3    10     4     7     7     4     7
     5     3     5     4     9     5     2     8    10     4     7     4     9     5     7     7     5    10     1     3
  1588  1620  1731  1773  1694  1487  1566  1844  1727  1636  1599  1539  1855  1645  1709  1660  1582  1836  1484  1559
  1772  1510  1512  1795  1522  1509  1598  1658  1826  1628  1650  1833  1627  1528  1541  1497  1481  1446  1579  1814
     75    33    77    73    71    24    90    94    44    57    11    67    77    27    27   100    83    81     1     5
     3    20    75    97     4    98    70    92    84    20    83    12    67    48    90    80     5    94    47    24
     8     2     8     1     7     6     8     5     3     7    10     6     7     3     5     7     7     9     9     2
     3     6     9     6    10    10     6     5     2     5     7     6     3     8     9     7     4     5     4     6
  1472  1343  1218  1338  1495  1463  1444  1249  1121  1325  1366  1368  1186  1545  1396  1517  1141  1538  1405  1508
  1238  1175  1238  1351  1376  1324  1450  1237  1504  1498  1148  1307  1353  1291  1404  1188  1292  1140  1315  1540
     75    33    77    73    71    24    90    94    44    57    11    67    77    27    27   100    83    81     1     5
     3    20    75    97     4    98    70    92    84    20    83    12    67    48    90    80     5    94    47    24
     8     2     8     1     7     6     8     5     3     7    10     6     7     3     5     7     7     9     9     2
     3     6     9     6    10    10     6     5     2     5     7     6     3     8     9     7     4     5     4     6
  1472  1343  1218  1338  1495  1463  1444  1249  1121  1325  1366  1368  1186  1545  1396  1517  1141  1538  1405  1508
  1238  1175  1238  1351  1376  1324  1450  1237  1504  1498  1148  1307  1353  1291  1404  1188  1292  1140  1315  1540
     75    33    77    73    71    24    90    94    44    57    11    67    77    27    27   100    83    81     1     5
     3    20    75    97     4    98    70    92    84    20    83    12    67    48    90    80     5    94    47    24
     8     2     8     1     7     6     8     5     3     7    10     6     7     3     5     7     7     9     9     2
     3     6     9     6    10    10     6     5     2     5     7     6     3     8     9     7     4     5     4     6
  1472  1343  1218  1338  1495  1463  1444  1249  1121  1325  1366  1368  1186  1545  1396  1517  1141  1538  1405  1508
  1238  1175  1238  1351  1376  1324  1450  1237  1504  1498  1148  1307  1353  1291  1404  1188  1292  1140  1315  1540
  	26    24    79    46    32    35    73    74    14    67    86    46    78    40    29    94    64    27    90    55
    35    52    36    69    85    95    14    78    37    86    44    28    39    12    30    68    70     9    49    50
     1    10     9    10    10     4     3     2    10     3     7     3     1     3    10     4     7     7     4     7
     5     3     5     4     9     5     2     8    10     4     7     4     9     5     7     7     5    10     1     3
  1588  1620  1731  1773  1694  1487  1566  1844  1727  1636  1599  1539  1855  1645  1709  1660  1582  1836  1484  1559
  1772  1510  1512  1795  1522  1509  1598  1658  1826  1628  1650  1833  1627  1528  1541  1497  1481  1446  1579  1814
  26    24    79    46    32    35    73    74    14    67    86    46    78    40    29    94    64    27    90    55
    35    52    36    69    85    95    14    78    37    86    44    28    39    12    30    68    70     9    49    50
     1    10     9    10    10     4     3     2    10     3     7     3     1     3    10     4     7     7     4     7
     5     3     5     4     9     5     2     8    10     4     7     4     9     5     7     7     5    10     1     3
  1588  1620  1731  1773  1694  1487  1566  1844  1727  1636  1599  1539  1855  1645  1709  1660  1582  1836  1484  1559
  1772  1510  1512  1795  1522  1509  1598  1658  1826  1628  1650  1833  1627  1528  1541  1497  1481  1446  1579  1814
  26    24    79    46    32    35    73    74    14    67    86    46    78    40    29    94    64    27    90    55
    35    52    36    69    85    95    14    78    37    86    44    28    39    12    30    68    70     9    49    50
     1    10     9    10    10     4     3     2    10     3     7     3     1     3    10     4     7     7     4     7
     5     3     5     4     9     5     2     8    10     4     7     4     9     5     7     7     5    10     1     3
  1588  1620  1731  1773  1694  1487  1566  1844  1727  1636  1599  1539  1855  1645  1709  1660  1582  1836  1484  1559
  1772  1510  1512  1795  1522  1509  1598  1658  1826  1628  1650  1833  1627  1528  1541  1497  1481  1446  1579  1814
     75    33    77    73    71    24    90    94    44    57    11    67    77    27    27   100    83    81     1     5
     3    20    75    97     4    98    70    92    84    20    83    12    67    48    90    80     5    94    47    24
     8     2     8     1     7     6     8     5     3     7    10     6     7     3     5     7     7     9     9     2
     3     6     9     6    10    10     6     5     2     5     7     6     3     8     9     7     4     5     4     6
  1472  1343  1218  1338  1495  1463  1444  1249  1121  1325  1366  1368  1186  1545  1396  1517  1141  1538  1405  1508
  1238  1175  1238  1351  1376  1324  1450  1237  1504  1498  1148  1307  1353  1291  1404  1188  1292  1140  1315  1540
     75    33    77    73    71    24    90    94    44    57    11    67    77    27    27   100    83    81     1     5
     3    20    75    97     4    98    70    92    84    20    83    12    67    48    90    80     5    94    47    24
     8     2     8     1     7     6     8     5     3     7    10     6     7     3     5     7     7     9     9     2
     3     6     9     6    10    10     6     5     2     5     7     6     3     8     9     7     4     5     4     6
  1472  1343  1218  1338  1495  1463  1444  1249  1121  1325  1366  1368  1186  1545  1396  1517  1141  1538  1405  1508
  1238  1175  1238  1351  1376  1324  1450  1237  1504  1498  1148  1307  1353  1291  1404  1188  1292  1140  1315  1540
     75    33    77    73    71    24    90    94    44    57    11    67    77    27    27   100    83    81     1     5
     3    20    75    97     4    98    70    92    84    20    83    12    67    48    90    80     5    94    47    24
     8     2     8     1     7     6     8     5     3     7    10     6     7     3     5     7     7     9     9     2
     3     6     9     6    10    10     6     5     2     5     7     6     3     8     9     7     4     5     4     6
  1472  1343  1218  1338  1495  1463  1444  1249  1121  1325  1366  1368  1186  1545  1396  1517  1141  1538  1405  1508
  1238  1175  1238  1351  1376  1324  1450  1237  1504  1498  1148  1307  1353  1291  1404  1188  1292  1140  1315  1540
