 81    61    83     1    91    68    70    36    67    95    42     4    40    92    24    12    53    46     7    57
    67    89    45    26    59    90    61    98    18    61    39    41    53    52    35    15    86    58    64    70
    56     9    11    47    16    80    26    77    37    85
     7     3     4     5     1    10     5     7     9     9    10     1     4     2    10     8     1     5     5     4
     2     4     3     4     3     8     6    10     4    10     2     9     1     3    10     9     4     2     8     3
     6     5     4    10     9     4     8     8     5     9
  1933  2068  2245  1926  1835  1931  2230  2113  2241  2018  2207  2043  1900  2125  2116  1878  2077  1888  2122  2002
  2291  1995  2108  2024  2020  2027  1958  2129  2138  2200  2084  2089  1954  2243  2153  2086  2206  2091  2133  2247
  2101  2332  2059  1908  2307  2299  2039  2263  1989  2074
   81    61    83     1    91    68    70    36    67    95    42     4    40    92    24    12    53    46     7    57
    67    89    45    26    59    90    61    98    18    61    39    41    53    52    35    15    86    58    64    70
    56     9    11    47    16    80    26    77    37    85
     7     3     4     5     1    10     5     7     9     9    10     1     4     2    10     8     1     5     5     4
     2     4     3     4     3     8     6    10     4    10     2     9     1     3    10     9     4     2     8     3
     6     5     4    10     9     4     8     8     5     9
  1933  2068  2245  1926  1835  1931  2230  2113  2241  2018  2207  2043  1900  2125  2116  1878  2077  1888  2122  2002
  2291  1995  2108  2024  2020  2027  1958  2129  2138  2200  2084  2089  1954  2243  2153  2086  2206  2091  2133  2247
  2101  2332  2059  1908  2307  2299  2039  2263  1989  2074
   81    61    83     1    91    68    70    36    67    95    42     4    40    92    24    12    53    46     7    57
    67    89    45    26    59    90    61    98    18    61    39    41    53    52    35    15    86    58    64    70
    56     9    11    47    16    80    26    77    37    85
     7     3     4     5     1    10     5     7     9     9    10     1     4     2    10     8     1     5     5     4
     2     4     3     4     3     8     6    10     4    10     2     9     1     3    10     9     4     2     8     3
     6     5     4    10     9     4     8     8     5     9
  1933  2068  2245  1926  1835  1931  2230  2113  2241  2018  2207  2043  1900  2125  2116  1878  2077  1888  2122  2002
  2291  1995  2108  2024  2020  2027  1958  2129  2138  2200  2084  2089  1954  2243  2153  2086  2206  2091  2133  2247
  2101  2332  2059  1908  2307  2299  2039  2263  1989  2074
  33    23    52    47    38    58    86    59    44    87    38    65    53     7    56    69    81    53    51    63
    60     3   100    33    38    73    46    53    79    21    99    90    61    46    33    99    79    87    86    28
    43    24    66    14    80    77    43    85    30     7
     5     2     7    10     7     7     7     8     8     6     6     5     2     5     9     2     7     4     5     3
     5     3     9     3     3     5     7     3     5     6     6     9     6     5    10     7     9    10     5    10
     9     4     5     7     8     1     5     4    10     7
  1667  1881  1704  1623  1648  1741  1462  1415  1380  1466  1647  1412  1454  1520  1630  1593  1664  1681  1664  1378
  1434  1781  1819  1874  1612  1612  1707  1814  1612  1666  1613  1446  1763  1414  1673  1762  1546  1670  1909  1810
  1381  1781  1408  1756  1429  1448  1639  1845  1728  1742
   33    23    52    47    38    58    86    59    44    87    38    65    53     7    56    69    81    53    51    63
    60     3   100    33    38    73    46    53    79    21    99    90    61    46    33    99    79    87    86    28
    43    24    66    14    80    77    43    85    30     7
     5     2     7    10     7     7     7     8     8     6     6     5     2     5     9     2     7     4     5     3
     5     3     9     3     3     5     7     3     5     6     6     9     6     5    10     7     9    10     5    10
     9     4     5     7     8     1     5     4    10     7
  1667  1881  1704  1623  1648  1741  1462  1415  1380  1466  1647  1412  1454  1520  1630  1593  1664  1681  1664  1378
  1434  1781  1819  1874  1612  1612  1707  1814  1612  1666  1613  1446  1763  1414  1673  1762  1546  1670  1909  1810
  1381  1781  1408  1756  1429  1448  1639  1845  1728  1742
   33    23    52    47    38    58    86    59    44    87    38    65    53     7    56    69    81    53    51    63
    60     3   100    33    38    73    46    53    79    21    99    90    61    46    33    99    79    87    86    28
    43    24    66    14    80    77    43    85    30     7
     5     2     7    10     7     7     7     8     8     6     6     5     2     5     9     2     7     4     5     3
     5     3     9     3     3     5     7     3     5     6     6     9     6     5    10     7     9    10     5    10
     9     4     5     7     8     1     5     4    10     7
  1667  1881  1704  1623  1648  1741  1462  1415  1380  1466  1647  1412  1454  1520  1630  1593  1664  1681  1664  1378
  1434  1781  1819  1874  1612  1612  1707  1814  1612  1666  1613  1446  1763  1414  1673  1762  1546  1670  1909  1810
  1381  1781  1408  1756  1429  1448  1639  1845  1728  1742
   81    61    83     1    91    68    70    36    67    95    42     4    40    92    24    12    53    46     7    57
    67    89    45    26    59    90    61    98    18    61    39    41    53    52    35    15    86    58    64    70
    56     9    11    47    16    80    26    77    37    85
     7     3     4     5     1    10     5     7     9     9    10     1     4     2    10     8     1     5     5     4
     2     4     3     4     3     8     6    10     4    10     2     9     1     3    10     9     4     2     8     3
     6     5     4    10     9     4     8     8     5     9
  1933  2068  2245  1926  1835  1931  2230  2113  2241  2018  2207  2043  1900  2125  2116  1878  2077  1888  2122  2002
  2291  1995  2108  2024  2020  2027  1958  2129  2138  2200  2084  2089  1954  2243  2153  2086  2206  2091  2133  2247
  2101  2332  2059  1908  2307  2299  2039  2263  1989  2074
   81    61    83     1    91    68    70    36    67    95    42     4    40    92    24    12    53    46     7    57
    67    89    45    26    59    90    61    98    18    61    39    41    53    52    35    15    86    58    64    70
    56     9    11    47    16    80    26    77    37    85
     7     3     4     5     1    10     5     7     9     9    10     1     4     2    10     8     1     5     5     4
     2     4     3     4     3     8     6    10     4    10     2     9     1     3    10     9     4     2     8     3
     6     5     4    10     9     4     8     8     5     9
  1933  2068  2245  1926  1835  1931  2230  2113  2241  2018  2207  2043  1900  2125  2116  1878  2077  1888  2122  2002
  2291  1995  2108  2024  2020  2027  1958  2129  2138  2200  2084  2089  1954  2243  2153  2086  2206  2091  2133  2247
  2101  2332  2059  1908  2307  2299  2039  2263  1989  2074
   81    61    83     1    91    68    70    36    67    95    42     4    40    92    24    12    53    46     7    57
    67    89    45    26    59    90    61    98    18    61    39    41    53    52    35    15    86    58    64    70
    56     9    11    47    16    80    26    77    37    85
     7     3     4     5     1    10     5     7     9     9    10     1     4     2    10     8     1     5     5     4
     2     4     3     4     3     8     6    10     4    10     2     9     1     3    10     9     4     2     8     3
     6     5     4    10     9     4     8     8     5     9
  1933  2068  2245  1926  1835  1931  2230  2113  2241  2018  2207  2043  1900  2125  2116  1878  2077  1888  2122  2002
  2291  1995  2108  2024  2020  2027  1958  2129  2138  2200  2084  2089  1954  2243  2153  2086  2206  2091  2133  2247
  2101  2332  2059  1908  2307  2299  2039  2263  1989  2074
  33    23    52    47    38    58    86    59    44    87    38    65    53     7    56    69    81    53    51    63
    60     3   100    33    38    73    46    53    79    21    99    90    61    46    33    99    79    87    86    28
    43    24    66    14    80    77    43    85    30     7
     5     2     7    10     7     7     7     8     8     6     6     5     2     5     9     2     7     4     5     3
     5     3     9     3     3     5     7     3     5     6     6     9     6     5    10     7     9    10     5    10
     9     4     5     7     8     1     5     4    10     7
  1667  1881  1704  1623  1648  1741  1462  1415  1380  1466  1647  1412  1454  1520  1630  1593  1664  1681  1664  1378
  1434  1781  1819  1874  1612  1612  1707  1814  1612  1666  1613  1446  1763  1414  1673  1762  1546  1670  1909  1810
  1381  1781  1408  1756  1429  1448  1639  1845  1728  1742
   33    23    52    47    38    58    86    59    44    87    38    65    53     7    56    69    81    53    51    63
    60     3   100    33    38    73    46    53    79    21    99    90    61    46    33    99    79    87    86    28
    43    24    66    14    80    77    43    85    30     7
     5     2     7    10     7     7     7     8     8     6     6     5     2     5     9     2     7     4     5     3
     5     3     9     3     3     5     7     3     5     6     6     9     6     5    10     7     9    10     5    10
     9     4     5     7     8     1     5     4    10     7
  1667  1881  1704  1623  1648  1741  1462  1415  1380  1466  1647  1412  1454  1520  1630  1593  1664  1681  1664  1378
  1434  1781  1819  1874  1612  1612  1707  1814  1612  1666  1613  1446  1763  1414  1673  1762  1546  1670  1909  1810
  1381  1781  1408  1756  1429  1448  1639  1845  1728  1742
   33    23    52    47    38    58    86    59    44    87    38    65    53     7    56    69    81    53    51    63
    60     3   100    33    38    73    46    53    79    21    99    90    61    46    33    99    79    87    86    28
    43    24    66    14    80    77    43    85    30     7
     5     2     7    10     7     7     7     8     8     6     6     5     2     5     9     2     7     4     5     3
     5     3     9     3     3     5     7     3     5     6     6     9     6     5    10     7     9    10     5    10
     9     4     5     7     8     1     5     4    10     7
  1667  1881  1704  1623  1648  1741  1462  1415  1380  1466  1647  1412  1454  1520  1630  1593  1664  1681  1664  1378
  1434  1781  1819  1874  1612  1612  1707  1814  1612  1666  1613  1446  1763  1414  1673  1762  1546  1670  1909  1810
  1381  1781  1408  1756  1429  1448  1639  1845  1728  1742
   81    61    83     1    91    68    70    36    67    95    42     4    40    92    24    12    53    46     7    57
    67    89    45    26    59    90    61    98    18    61    39    41    53    52    35    15    86    58    64    70
    56     9    11    47    16    80    26    77    37    85
     7     3     4     5     1    10     5     7     9     9    10     1     4     2    10     8     1     5     5     4
     2     4     3     4     3     8     6    10     4    10     2     9     1     3    10     9     4     2     8     3
     6     5     4    10     9     4     8     8     5     9
  1933  2068  2245  1926  1835  1931  2230  2113  2241  2018  2207  2043  1900  2125  2116  1878  2077  1888  2122  2002
  2291  1995  2108  2024  2020  2027  1958  2129  2138  2200  2084  2089  1954  2243  2153  2086  2206  2091  2133  2247
  2101  2332  2059  1908  2307  2299  2039  2263  1989  2074
   81    61    83     1    91    68    70    36    67    95    42     4    40    92    24    12    53    46     7    57
    67    89    45    26    59    90    61    98    18    61    39    41    53    52    35    15    86    58    64    70
    56     9    11    47    16    80    26    77    37    85
     7     3     4     5     1    10     5     7     9     9    10     1     4     2    10     8     1     5     5     4
     2     4     3     4     3     8     6    10     4    10     2     9     1     3    10     9     4     2     8     3
     6     5     4    10     9     4     8     8     5     9
  1933  2068  2245  1926  1835  1931  2230  2113  2241  2018  2207  2043  1900  2125  2116  1878  2077  1888  2122  2002
  2291  1995  2108  2024  2020  2027  1958  2129  2138  2200  2084  2089  1954  2243  2153  2086  2206  2091  2133  2247
  2101  2332  2059  1908  2307  2299  2039  2263  1989  2074
   81    61    83     1    91    68    70    36    67    95    42     4    40    92    24    12    53    46     7    57
    67    89    45    26    59    90    61    98    18    61    39    41    53    52    35    15    86    58    64    70
    56     9    11    47    16    80    26    77    37    85
     7     3     4     5     1    10     5     7     9     9    10     1     4     2    10     8     1     5     5     4
     2     4     3     4     3     8     6    10     4    10     2     9     1     3    10     9     4     2     8     3
     6     5     4    10     9     4     8     8     5     9
  1933  2068  2245  1926  1835  1931  2230  2113  2241  2018  2207  2043  1900  2125  2116  1878  2077  1888  2122  2002
  2291  1995  2108  2024  2020  2027  1958  2129  2138  2200  2084  2089  1954  2243  2153  2086  2206  2091  2133  2247
  2101  2332  2059  1908  2307  2299  2039  2263  1989  2074
  33    23    52    47    38    58    86    59    44    87    38    65    53     7    56    69    81    53    51    63
    60     3   100    33    38    73    46    53    79    21    99    90    61    46    33    99    79    87    86    28
    43    24    66    14    80    77    43    85    30     7
     5     2     7    10     7     7     7     8     8     6     6     5     2     5     9     2     7     4     5     3
     5     3     9     3     3     5     7     3     5     6     6     9     6     5    10     7     9    10     5    10
     9     4     5     7     8     1     5     4    10     7
  1667  1881  1704  1623  1648  1741  1462  1415  1380  1466  1647  1412  1454  1520  1630  1593  1664  1681  1664  1378
  1434  1781  1819  1874  1612  1612  1707  1814  1612  1666  1613  1446  1763  1414  1673  1762  1546  1670  1909  1810
  1381  1781  1408  1756  1429  1448  1639  1845  1728  1742
   33    23    52    47    38    58    86    59    44    87    38    65    53     7    56    69    81    53    51    63
    60     3   100    33    38    73    46    53    79    21    99    90    61    46    33    99    79    87    86    28
    43    24    66    14    80    77    43    85    30     7
     5     2     7    10     7     7     7     8     8     6     6     5     2     5     9     2     7     4     5     3
     5     3     9     3     3     5     7     3     5     6     6     9     6     5    10     7     9    10     5    10
     9     4     5     7     8     1     5     4    10     7
  1667  1881  1704  1623  1648  1741  1462  1415  1380  1466  1647  1412  1454  1520  1630  1593  1664  1681  1664  1378
  1434  1781  1819  1874  1612  1612  1707  1814  1612  1666  1613  1446  1763  1414  1673  1762  1546  1670  1909  1810
  1381  1781  1408  1756  1429  1448  1639  1845  1728  1742
   33    23    52    47    38    58    86    59    44    87    38    65    53     7    56    69    81    53    51    63
    60     3   100    33    38    73    46    53    79    21    99    90    61    46    33    99    79    87    86    28
    43    24    66    14    80    77    43    85    30     7
     5     2     7    10     7     7     7     8     8     6     6     5     2     5     9     2     7     4     5     3
     5     3     9     3     3     5     7     3     5     6     6     9     6     5    10     7     9    10     5    10
     9     4     5     7     8     1     5     4    10     7
  1667  1881  1704  1623  1648  1741  1462  1415  1380  1466  1647  1412  1454  1520  1630  1593  1664  1681  1664  1378
  1434  1781  1819  1874  1612  1612  1707  1814  1612  1666  1613  1446  1763  1414  1673  1762  1546  1670  1909  1810
  1381  1781  1408  1756  1429  1448  1639  1845  1728  1742