 1     5     5    13    16    15    14    14    18    22    22    20    20    13     8    14    31    23    10    21
     19    36    14    24    39    46    46    37    27    49    51    49    25    39    33    61    35    65    22    68
     69    41    17    69    78    53    72    54    91    65    94    58    99    90    50    91    61    82    72    31
     73    92    53    53    94    81    55    28    87    89    89    60    60    79    95    32    80    50   100    51
     18    72    55    74    97    97    79    88    74    54    99    73    87    47   100    52    65    67    86    88
     10     8     5    10    10     9     8     8     9    10    10     9     8     5     3     5    10     7     3     6
      5     9     3     5     8     9     9     7     5     9     9     8     4     6     5     9     5     9     3     9
      9     5     2     8     9     6     8     6    10     7    10     6    10     9     5     9     6     8     7     3
      7     8     4     4     7     6     4     2     6     6     6     4     4     5     6     2     5     3     6     3
      1     4     3     4     5     5     4     4     3     2     3     2     2     1     2     1     1     1     1     1
   3907  4261  4520  4567  3803  3814  4248  3875  4015  4062  4187  4393  4293  3717  4727  3797  3857  4015  4508  3738
   3767  3857  3727  4558  3782  4202  4547  3974  4612  4360  4760  4318  4562  4066  4281  4502  4740  4188  4324  3819
   4642  4243  4378  4207  4527  4609  3928  3729  3790  4366  3752  4122  4227  4536  4204  3713  4113  4240  4753  4095
   4068  3815  4537  4762  3726  4384  4281  4142  4582  4546  4471  3811  4151  4681  3724  4235  4768  4339  4025  4707
   3858  3713  4761  3743  4126  4022  4671  4591  3735  4761  4648  4507  4361  4262  4231  4412  3888  3864  4288  3722
    1     5     5    13    16    15    14    14    18    22    22    20    20    13     8    14    31    23    10    21
     19    36    14    24    39    46    46    37    27    49    51    49    25    39    33    61    35    65    22    68
     69    41    17    69    78    53    72    54    91    65    94    58    99    90    50    91    61    82    72    31
     73    92    53    53    94    81    55    28    87    89    89    60    60    79    95    32    80    50   100    51
     18    72    55    74    97    97    79    88    74    54    99    73    87    47   100    52    65    67    86    88
     10     8     5    10    10     9     8     8     9    10    10     9     8     5     3     5    10     7     3     6
      5     9     3     5     8     9     9     7     5     9     9     8     4     6     5     9     5     9     3     9
      9     5     2     8     9     6     8     6    10     7    10     6    10     9     5     9     6     8     7     3
      7     8     4     4     7     6     4     2     6     6     6     4     4     5     6     2     5     3     6     3
      1     4     3     4     5     5     4     4     3     2     3     2     2     1     2     1     1     1     1     1
   3907  4261  4520  4567  3803  3814  4248  3875  4015  4062  4187  4393  4293  3717  4727  3797  3857  4015  4508  3738
   3767  3857  3727  4558  3782  4202  4547  3974  4612  4360  4760  4318  4562  4066  4281  4502  4740  4188  4324  3819
   4642  4243  4378  4207  4527  4609  3928  3729  3790  4366  3752  4122  4227  4536  4204  3713  4113  4240  4753  4095
   4068  3815  4537  4762  3726  4384  4281  4142  4582  4546  4471  3811  4151  4681  3724  4235  4768  4339  4025  4707
   3858  3713  4761  3743  4126  4022  4671  4591  3735  4761  4648  4507  4361  4262  4231  4412  3888  3864  4288  3722
    1     5     5    13    16    15    14    14    18    22    22    20    20    13     8    14    31    23    10    21
     19    36    14    24    39    46    46    37    27    49    51    49    25    39    33    61    35    65    22    68
     69    41    17    69    78    53    72    54    91    65    94    58    99    90    50    91    61    82    72    31
     73    92    53    53    94    81    55    28    87    89    89    60    60    79    95    32    80    50   100    51
     18    72    55    74    97    97    79    88    74    54    99    73    87    47   100    52    65    67    86    88
     10     8     5    10    10     9     8     8     9    10    10     9     8     5     3     5    10     7     3     6
      5     9     3     5     8     9     9     7     5     9     9     8     4     6     5     9     5     9     3     9
      9     5     2     8     9     6     8     6    10     7    10     6    10     9     5     9     6     8     7     3
      7     8     4     4     7     6     4     2     6     6     6     4     4     5     6     2     5     3     6     3
      1     4     3     4     5     5     4     4     3     2     3     2     2     1     2     1     1     1     1     1
   3907  4261  4520  4567  3803  3814  4248  3875  4015  4062  4187  4393  4293  3717  4727  3797  3857  4015  4508  3738
   3767  3857  3727  4558  3782  4202  4547  3974  4612  4360  4760  4318  4562  4066  4281  4502  4740  4188  4324  3819
   4642  4243  4378  4207  4527  4609  3928  3729  3790  4366  3752  4122  4227  4536  4204  3713  4113  4240  4753  4095
   4068  3815  4537  4762  3726  4384  4281  4142  4582  4546  4471  3811  4151  4681  3724  4235  4768  4339  4025  4707
   3858  3713  4761  3743  4126  4022  4671  4591  3735  4761  4648  4507  4361  4262  4231  4412  3888  3864  4288  3722
      6     2     5     3     9     2     2    14    18    26    24    30    26    10    30    29    42    38    30    43
     43    18    28    47    33    50     5    47    43    64    65    68    48    55    71    29    52    15    75    61
     23    70     8    65    66    58    50    51    17    60    78    80    18    96    98    79    72    63    85    79
     92    46    94    72    24    49    49    79    57    87    44    59    30    45    60    91    97    97    98    87
     54    54    95    84    66    67    68    46    70    70    74    59    75    43    43    53    56    58    60    64
     10     3     7     4     9     2     2     9     7    10     9    10     8     3     9     8    10     9     7    10
     10     4     6    10     7    10     1     9     8    10    10    10     7     8    10     4     7     2    10     8
      3     9     1     8     8     7     6     6     2     7     9     9     2    10    10     8     7     6     8     7
      8     4     8     6     2     4     4     6     4     6     3     4     2     3     4     6     6     6     6     5
      3     3     5     4     3     3     3     2     3     3     3     2     2     1     1     1     1     1     1     1
   3346  3139  3320  3058  3184  3178  3509  2855  2959  3502  3113  3158  2605  3154  3507  3266  3080  3085  3430  3506
   2819  3131  3098  3444  3198  2633  3067  3529  3231  2680  3164  3372  2744  3154  2749  3127  3584  2879  2748  3164
   2684  3524  3347  3320  2950  3043  3313  3409  3460  3484  2926  2939  2671  3022  3197  3153  3485  2591  2711  2807
   3085  3038  3518  2676  2608  3298  2731  3497  2949  3416  2784  3380  2637  3210  2827  2660  3221  3538  2857  2862
   2577  3298  3531  3227  3323  3188  2919  3551  3143  3486  3032  2592  3594  3315  3551  3366  3178  3596  2602  3326
      6     2     5     3     9     2     2    14    18    26    24    30    26    10    30    29    42    38    30    43
     43    18    28    47    33    50     5    47    43    64    65    68    48    55    71    29    52    15    75    61
     23    70     8    65    66    58    50    51    17    60    78    80    18    96    98    79    72    63    85    79
     92    46    94    72    24    49    49    79    57    87    44    59    30    45    60    91    97    97    98    87
     54    54    95    84    66    67    68    46    70    70    74    59    75    43    43    53    56    58    60    64
     10     3     7     4     9     2     2     9     7    10     9    10     8     3     9     8    10     9     7    10
     10     4     6    10     7    10     1     9     8    10    10    10     7     8    10     4     7     2    10     8
      3     9     1     8     8     7     6     6     2     7     9     9     2    10    10     8     7     6     8     7
      8     4     8     6     2     4     4     6     4     6     3     4     2     3     4     6     6     6     6     5
      3     3     5     4     3     3     3     2     3     3     3     2     2     1     1     1     1     1     1     1
   3346  3139  3320  3058  3184  3178  3509  2855  2959  3502  3113  3158  2605  3154  3507  3266  3080  3085  3430  3506
   2819  3131  3098  3444  3198  2633  3067  3529  3231  2680  3164  3372  2744  3154  2749  3127  3584  2879  2748  3164
   2684  3524  3347  3320  2950  3043  3313  3409  3460  3484  2926  2939  2671  3022  3197  3153  3485  2591  2711  2807
   3085  3038  3518  2676  2608  3298  2731  3497  2949  3416  2784  3380  2637  3210  2827  2660  3221  3538  2857  2862
   2577  3298  3531  3227  3323  3188  2919  3551  3143  3486  3032  2592  3594  3315  3551  3366  3178  3596  2602  3326
      6     2     5     3     9     2     2    14    18    26    24    30    26    10    30    29    42    38    30    43
     43    18    28    47    33    50     5    47    43    64    65    68    48    55    71    29    52    15    75    61
     23    70     8    65    66    58    50    51    17    60    78    80    18    96    98    79    72    63    85    79
     92    46    94    72    24    49    49    79    57    87    44    59    30    45    60    91    97    97    98    87
     54    54    95    84    66    67    68    46    70    70    74    59    75    43    43    53    56    58    60    64
     10     3     7     4     9     2     2     9     7    10     9    10     8     3     9     8    10     9     7    10
     10     4     6    10     7    10     1     9     8    10    10    10     7     8    10     4     7     2    10     8
      3     9     1     8     8     7     6     6     2     7     9     9     2    10    10     8     7     6     8     7
      8     4     8     6     2     4     4     6     4     6     3     4     2     3     4     6     6     6     6     5
      3     3     5     4     3     3     3     2     3     3     3     2     2     1     1     1     1     1     1     1
   3346  3139  3320  3058  3184  3178  3509  2855  2959  3502  3113  3158  2605  3154  3507  3266  3080  3085  3430  3506
   2819  3131  3098  3444  3198  2633  3067  3529  3231  2680  3164  3372  2744  3154  2749  3127  3584  2879  2748  3164
   2684  3524  3347  3320  2950  3043  3313  3409  3460  3484  2926  2939  2671  3022  3197  3153  3485  2591  2711  2807
   3085  3038  3518  2676  2608  3298  2731  3497  2949  3416  2784  3380  2637  3210  2827  2660  3221  3538  2857  2862
   2577  3298  3531  3227  3323  3188  2919  3551  3143  3486  3032  2592  3594  3315  3551  3366  3178  3596  2602  3326
    1     5     5    13    16    15    14    14    18    22    22    20    20    13     8    14    31    23    10    21
     19    36    14    24    39    46    46    37    27    49    51    49    25    39    33    61    35    65    22    68
     69    41    17    69    78    53    72    54    91    65    94    58    99    90    50    91    61    82    72    31
     73    92    53    53    94    81    55    28    87    89    89    60    60    79    95    32    80    50   100    51
     18    72    55    74    97    97    79    88    74    54    99    73    87    47   100    52    65    67    86    88
     10     8     5    10    10     9     8     8     9    10    10     9     8     5     3     5    10     7     3     6
      5     9     3     5     8     9     9     7     5     9     9     8     4     6     5     9     5     9     3     9
      9     5     2     8     9     6     8     6    10     7    10     6    10     9     5     9     6     8     7     3
      7     8     4     4     7     6     4     2     6     6     6     4     4     5     6     2     5     3     6     3
      1     4     3     4     5     5     4     4     3     2     3     2     2     1     2     1     1     1     1     1
   3907  4261  4520  4567  3803  3814  4248  3875  4015  4062  4187  4393  4293  3717  4727  3797  3857  4015  4508  3738
   3767  3857  3727  4558  3782  4202  4547  3974  4612  4360  4760  4318  4562  4066  4281  4502  4740  4188  4324  3819
   4642  4243  4378  4207  4527  4609  3928  3729  3790  4366  3752  4122  4227  4536  4204  3713  4113  4240  4753  4095
   4068  3815  4537  4762  3726  4384  4281  4142  4582  4546  4471  3811  4151  4681  3724  4235  4768  4339  4025  4707
   3858  3713  4761  3743  4126  4022  4671  4591  3735  4761  4648  4507  4361  4262  4231  4412  3888  3864  4288  3722
    1     5     5    13    16    15    14    14    18    22    22    20    20    13     8    14    31    23    10    21
     19    36    14    24    39    46    46    37    27    49    51    49    25    39    33    61    35    65    22    68
     69    41    17    69    78    53    72    54    91    65    94    58    99    90    50    91    61    82    72    31
     73    92    53    53    94    81    55    28    87    89    89    60    60    79    95    32    80    50   100    51
     18    72    55    74    97    97    79    88    74    54    99    73    87    47   100    52    65    67    86    88
     10     8     5    10    10     9     8     8     9    10    10     9     8     5     3     5    10     7     3     6
      5     9     3     5     8     9     9     7     5     9     9     8     4     6     5     9     5     9     3     9
      9     5     2     8     9     6     8     6    10     7    10     6    10     9     5     9     6     8     7     3
      7     8     4     4     7     6     4     2     6     6     6     4     4     5     6     2     5     3     6     3
      1     4     3     4     5     5     4     4     3     2     3     2     2     1     2     1     1     1     1     1
   3907  4261  4520  4567  3803  3814  4248  3875  4015  4062  4187  4393  4293  3717  4727  3797  3857  4015  4508  3738
   3767  3857  3727  4558  3782  4202  4547  3974  4612  4360  4760  4318  4562  4066  4281  4502  4740  4188  4324  3819
   4642  4243  4378  4207  4527  4609  3928  3729  3790  4366  3752  4122  4227  4536  4204  3713  4113  4240  4753  4095
   4068  3815  4537  4762  3726  4384  4281  4142  4582  4546  4471  3811  4151  4681  3724  4235  4768  4339  4025  4707
   3858  3713  4761  3743  4126  4022  4671  4591  3735  4761  4648  4507  4361  4262  4231  4412  3888  3864  4288  3722
    1     5     5    13    16    15    14    14    18    22    22    20    20    13     8    14    31    23    10    21
     19    36    14    24    39    46    46    37    27    49    51    49    25    39    33    61    35    65    22    68
     69    41    17    69    78    53    72    54    91    65    94    58    99    90    50    91    61    82    72    31
     73    92    53    53    94    81    55    28    87    89    89    60    60    79    95    32    80    50   100    51
     18    72    55    74    97    97    79    88    74    54    99    73    87    47   100    52    65    67    86    88
     10     8     5    10    10     9     8     8     9    10    10     9     8     5     3     5    10     7     3     6
      5     9     3     5     8     9     9     7     5     9     9     8     4     6     5     9     5     9     3     9
      9     5     2     8     9     6     8     6    10     7    10     6    10     9     5     9     6     8     7     3
      7     8     4     4     7     6     4     2     6     6     6     4     4     5     6     2     5     3     6     3
      1     4     3     4     5     5     4     4     3     2     3     2     2     1     2     1     1     1     1     1
   3907  4261  4520  4567  3803  3814  4248  3875  4015  4062  4187  4393  4293  3717  4727  3797  3857  4015  4508  3738
   3767  3857  3727  4558  3782  4202  4547  3974  4612  4360  4760  4318  4562  4066  4281  4502  4740  4188  4324  3819
   4642  4243  4378  4207  4527  4609  3928  3729  3790  4366  3752  4122  4227  4536  4204  3713  4113  4240  4753  4095
   4068  3815  4537  4762  3726  4384  4281  4142  4582  4546  4471  3811  4151  4681  3724  4235  4768  4339  4025  4707
   3858  3713  4761  3743  4126  4022  4671  4591  3735  4761  4648  4507  4361  4262  4231  4412  3888  3864  4288  3722
      6     2     5     3     9     2     2    14    18    26    24    30    26    10    30    29    42    38    30    43
     43    18    28    47    33    50     5    47    43    64    65    68    48    55    71    29    52    15    75    61
     23    70     8    65    66    58    50    51    17    60    78    80    18    96    98    79    72    63    85    79
     92    46    94    72    24    49    49    79    57    87    44    59    30    45    60    91    97    97    98    87
     54    54    95    84    66    67    68    46    70    70    74    59    75    43    43    53    56    58    60    64
     10     3     7     4     9     2     2     9     7    10     9    10     8     3     9     8    10     9     7    10
     10     4     6    10     7    10     1     9     8    10    10    10     7     8    10     4     7     2    10     8
      3     9     1     8     8     7     6     6     2     7     9     9     2    10    10     8     7     6     8     7
      8     4     8     6     2     4     4     6     4     6     3     4     2     3     4     6     6     6     6     5
      3     3     5     4     3     3     3     2     3     3     3     2     2     1     1     1     1     1     1     1
   3346  3139  3320  3058  3184  3178  3509  2855  2959  3502  3113  3158  2605  3154  3507  3266  3080  3085  3430  3506
   2819  3131  3098  3444  3198  2633  3067  3529  3231  2680  3164  3372  2744  3154  2749  3127  3584  2879  2748  3164
   2684  3524  3347  3320  2950  3043  3313  3409  3460  3484  2926  2939  2671  3022  3197  3153  3485  2591  2711  2807
   3085  3038  3518  2676  2608  3298  2731  3497  2949  3416  2784  3380  2637  3210  2827  2660  3221  3538  2857  2862
   2577  3298  3531  3227  3323  3188  2919  3551  3143  3486  3032  2592  3594  3315  3551  3366  3178  3596  2602  3326
      6     2     5     3     9     2     2    14    18    26    24    30    26    10    30    29    42    38    30    43
     43    18    28    47    33    50     5    47    43    64    65    68    48    55    71    29    52    15    75    61
     23    70     8    65    66    58    50    51    17    60    78    80    18    96    98    79    72    63    85    79
     92    46    94    72    24    49    49    79    57    87    44    59    30    45    60    91    97    97    98    87
     54    54    95    84    66    67    68    46    70    70    74    59    75    43    43    53    56    58    60    64
     10     3     7     4     9     2     2     9     7    10     9    10     8     3     9     8    10     9     7    10
     10     4     6    10     7    10     1     9     8    10    10    10     7     8    10     4     7     2    10     8
      3     9     1     8     8     7     6     6     2     7     9     9     2    10    10     8     7     6     8     7
      8     4     8     6     2     4     4     6     4     6     3     4     2     3     4     6     6     6     6     5
      3     3     5     4     3     3     3     2     3     3     3     2     2     1     1     1     1     1     1     1
   3346  3139  3320  3058  3184  3178  3509  2855  2959  3502  3113  3158  2605  3154  3507  3266  3080  3085  3430  3506
   2819  3131  3098  3444  3198  2633  3067  3529  3231  2680  3164  3372  2744  3154  2749  3127  3584  2879  2748  3164
   2684  3524  3347  3320  2950  3043  3313  3409  3460  3484  2926  2939  2671  3022  3197  3153  3485  2591  2711  2807
   3085  3038  3518  2676  2608  3298  2731  3497  2949  3416  2784  3380  2637  3210  2827  2660  3221  3538  2857  2862
   2577  3298  3531  3227  3323  3188  2919  3551  3143  3486  3032  2592  3594  3315  3551  3366  3178  3596  2602  3326
      6     2     5     3     9     2     2    14    18    26    24    30    26    10    30    29    42    38    30    43
     43    18    28    47    33    50     5    47    43    64    65    68    48    55    71    29    52    15    75    61
     23    70     8    65    66    58    50    51    17    60    78    80    18    96    98    79    72    63    85    79
     92    46    94    72    24    49    49    79    57    87    44    59    30    45    60    91    97    97    98    87
     54    54    95    84    66    67    68    46    70    70    74    59    75    43    43    53    56    58    60    64
     10     3     7     4     9     2     2     9     7    10     9    10     8     3     9     8    10     9     7    10
     10     4     6    10     7    10     1     9     8    10    10    10     7     8    10     4     7     2    10     8
      3     9     1     8     8     7     6     6     2     7     9     9     2    10    10     8     7     6     8     7
      8     4     8     6     2     4     4     6     4     6     3     4     2     3     4     6     6     6     6     5
      3     3     5     4     3     3     3     2     3     3     3     2     2     1     1     1     1     1     1     1
   3346  3139  3320  3058  3184  3178  3509  2855  2959  3502  3113  3158  2605  3154  3507  3266  3080  3085  3430  3506
   2819  3131  3098  3444  3198  2633  3067  3529  3231  2680  3164  3372  2744  3154  2749  3127  3584  2879  2748  3164
   2684  3524  3347  3320  2950  3043  3313  3409  3460  3484  2926  2939  2671  3022  3197  3153  3485  2591  2711  2807
   3085  3038  3518  2676  2608  3298  2731  3497  2949  3416  2784  3380  2637  3210  2827  2660  3221  3538  2857  2862
   2577  3298  3531  3227  3323  3188  2919  3551  3143  3486  3032  2592  3594  3315  3551  3366  3178  3596  2602  3326
    1     5     5    13    16    15    14    14    18    22    22    20    20    13     8    14    31    23    10    21
     19    36    14    24    39    46    46    37    27    49    51    49    25    39    33    61    35    65    22    68
     69    41    17    69    78    53    72    54    91    65    94    58    99    90    50    91    61    82    72    31
     73    92    53    53    94    81    55    28    87    89    89    60    60    79    95    32    80    50   100    51
     18    72    55    74    97    97    79    88    74    54    99    73    87    47   100    52    65    67    86    88
     10     8     5    10    10     9     8     8     9    10    10     9     8     5     3     5    10     7     3     6
      5     9     3     5     8     9     9     7     5     9     9     8     4     6     5     9     5     9     3     9
      9     5     2     8     9     6     8     6    10     7    10     6    10     9     5     9     6     8     7     3
      7     8     4     4     7     6     4     2     6     6     6     4     4     5     6     2     5     3     6     3
      1     4     3     4     5     5     4     4     3     2     3     2     2     1     2     1     1     1     1     1
   3907  4261  4520  4567  3803  3814  4248  3875  4015  4062  4187  4393  4293  3717  4727  3797  3857  4015  4508  3738
   3767  3857  3727  4558  3782  4202  4547  3974  4612  4360  4760  4318  4562  4066  4281  4502  4740  4188  4324  3819
   4642  4243  4378  4207  4527  4609  3928  3729  3790  4366  3752  4122  4227  4536  4204  3713  4113  4240  4753  4095
   4068  3815  4537  4762  3726  4384  4281  4142  4582  4546  4471  3811  4151  4681  3724  4235  4768  4339  4025  4707
   3858  3713  4761  3743  4126  4022  4671  4591  3735  4761  4648  4507  4361  4262  4231  4412  3888  3864  4288  3722
    1     5     5    13    16    15    14    14    18    22    22    20    20    13     8    14    31    23    10    21
     19    36    14    24    39    46    46    37    27    49    51    49    25    39    33    61    35    65    22    68
     69    41    17    69    78    53    72    54    91    65    94    58    99    90    50    91    61    82    72    31
     73    92    53    53    94    81    55    28    87    89    89    60    60    79    95    32    80    50   100    51
     18    72    55    74    97    97    79    88    74    54    99    73    87    47   100    52    65    67    86    88
     10     8     5    10    10     9     8     8     9    10    10     9     8     5     3     5    10     7     3     6
      5     9     3     5     8     9     9     7     5     9     9     8     4     6     5     9     5     9     3     9
      9     5     2     8     9     6     8     6    10     7    10     6    10     9     5     9     6     8     7     3
      7     8     4     4     7     6     4     2     6     6     6     4     4     5     6     2     5     3     6     3
      1     4     3     4     5     5     4     4     3     2     3     2     2     1     2     1     1     1     1     1
   3907  4261  4520  4567  3803  3814  4248  3875  4015  4062  4187  4393  4293  3717  4727  3797  3857  4015  4508  3738
   3767  3857  3727  4558  3782  4202  4547  3974  4612  4360  4760  4318  4562  4066  4281  4502  4740  4188  4324  3819
   4642  4243  4378  4207  4527  4609  3928  3729  3790  4366  3752  4122  4227  4536  4204  3713  4113  4240  4753  4095
   4068  3815  4537  4762  3726  4384  4281  4142  4582  4546  4471  3811  4151  4681  3724  4235  4768  4339  4025  4707
   3858  3713  4761  3743  4126  4022  4671  4591  3735  4761  4648  4507  4361  4262  4231  4412  3888  3864  4288  3722
    1     5     5    13    16    15    14    14    18    22    22    20    20    13     8    14    31    23    10    21
     19    36    14    24    39    46    46    37    27    49    51    49    25    39    33    61    35    65    22    68
     69    41    17    69    78    53    72    54    91    65    94    58    99    90    50    91    61    82    72    31
     73    92    53    53    94    81    55    28    87    89    89    60    60    79    95    32    80    50   100    51
     18    72    55    74    97    97    79    88    74    54    99    73    87    47   100    52    65    67    86    88
     10     8     5    10    10     9     8     8     9    10    10     9     8     5     3     5    10     7     3     6
      5     9     3     5     8     9     9     7     5     9     9     8     4     6     5     9     5     9     3     9
      9     5     2     8     9     6     8     6    10     7    10     6    10     9     5     9     6     8     7     3
      7     8     4     4     7     6     4     2     6     6     6     4     4     5     6     2     5     3     6     3
      1     4     3     4     5     5     4     4     3     2     3     2     2     1     2     1     1     1     1     1
   3907  4261  4520  4567  3803  3814  4248  3875  4015  4062  4187  4393  4293  3717  4727  3797  3857  4015  4508  3738
   3767  3857  3727  4558  3782  4202  4547  3974  4612  4360  4760  4318  4562  4066  4281  4502  4740  4188  4324  3819
   4642  4243  4378  4207  4527  4609  3928  3729  3790  4366  3752  4122  4227  4536  4204  3713  4113  4240  4753  4095
   4068  3815  4537  4762  3726  4384  4281  4142  4582  4546  4471  3811  4151  4681  3724  4235  4768  4339  4025  4707
   3858  3713  4761  3743  4126  4022  4671  4591  3735  4761  4648  4507  4361  4262  4231  4412  3888  3864  4288  3722
      6     2     5     3     9     2     2    14    18    26    24    30    26    10    30    29    42    38    30    43
     43    18    28    47    33    50     5    47    43    64    65    68    48    55    71    29    52    15    75    61
     23    70     8    65    66    58    50    51    17    60    78    80    18    96    98    79    72    63    85    79
     92    46    94    72    24    49    49    79    57    87    44    59    30    45    60    91    97    97    98    87
     54    54    95    84    66    67    68    46    70    70    74    59    75    43    43    53    56    58    60    64
     10     3     7     4     9     2     2     9     7    10     9    10     8     3     9     8    10     9     7    10
     10     4     6    10     7    10     1     9     8    10    10    10     7     8    10     4     7     2    10     8
      3     9     1     8     8     7     6     6     2     7     9     9     2    10    10     8     7     6     8     7
      8     4     8     6     2     4     4     6     4     6     3     4     2     3     4     6     6     6     6     5
      3     3     5     4     3     3     3     2     3     3     3     2     2     1     1     1     1     1     1     1
   3346  3139  3320  3058  3184  3178  3509  2855  2959  3502  3113  3158  2605  3154  3507  3266  3080  3085  3430  3506
   2819  3131  3098  3444  3198  2633  3067  3529  3231  2680  3164  3372  2744  3154  2749  3127  3584  2879  2748  3164
   2684  3524  3347  3320  2950  3043  3313  3409  3460  3484  2926  2939  2671  3022  3197  3153  3485  2591  2711  2807
   3085  3038  3518  2676  2608  3298  2731  3497  2949  3416  2784  3380  2637  3210  2827  2660  3221  3538  2857  2862
   2577  3298  3531  3227  3323  3188  2919  3551  3143  3486  3032  2592  3594  3315  3551  3366  3178  3596  2602  3326
      6     2     5     3     9     2     2    14    18    26    24    30    26    10    30    29    42    38    30    43
     43    18    28    47    33    50     5    47    43    64    65    68    48    55    71    29    52    15    75    61
     23    70     8    65    66    58    50    51    17    60    78    80    18    96    98    79    72    63    85    79
     92    46    94    72    24    49    49    79    57    87    44    59    30    45    60    91    97    97    98    87
     54    54    95    84    66    67    68    46    70    70    74    59    75    43    43    53    56    58    60    64
     10     3     7     4     9     2     2     9     7    10     9    10     8     3     9     8    10     9     7    10
     10     4     6    10     7    10     1     9     8    10    10    10     7     8    10     4     7     2    10     8
      3     9     1     8     8     7     6     6     2     7     9     9     2    10    10     8     7     6     8     7
      8     4     8     6     2     4     4     6     4     6     3     4     2     3     4     6     6     6     6     5
      3     3     5     4     3     3     3     2     3     3     3     2     2     1     1     1     1     1     1     1
   3346  3139  3320  3058  3184  3178  3509  2855  2959  3502  3113  3158  2605  3154  3507  3266  3080  3085  3430  3506
   2819  3131  3098  3444  3198  2633  3067  3529  3231  2680  3164  3372  2744  3154  2749  3127  3584  2879  2748  3164
   2684  3524  3347  3320  2950  3043  3313  3409  3460  3484  2926  2939  2671  3022  3197  3153  3485  2591  2711  2807
   3085  3038  3518  2676  2608  3298  2731  3497  2949  3416  2784  3380  2637  3210  2827  2660  3221  3538  2857  2862
   2577  3298  3531  3227  3323  3188  2919  3551  3143  3486  3032  2592  3594  3315  3551  3366  3178  3596  2602  3326
      6     2     5     3     9     2     2    14    18    26    24    30    26    10    30    29    42    38    30    43
     43    18    28    47    33    50     5    47    43    64    65    68    48    55    71    29    52    15    75    61
     23    70     8    65    66    58    50    51    17    60    78    80    18    96    98    79    72    63    85    79
     92    46    94    72    24    49    49    79    57    87    44    59    30    45    60    91    97    97    98    87
     54    54    95    84    66    67    68    46    70    70    74    59    75    43    43    53    56    58    60    64
     10     3     7     4     9     2     2     9     7    10     9    10     8     3     9     8    10     9     7    10
     10     4     6    10     7    10     1     9     8    10    10    10     7     8    10     4     7     2    10     8
      3     9     1     8     8     7     6     6     2     7     9     9     2    10    10     8     7     6     8     7
      8     4     8     6     2     4     4     6     4     6     3     4     2     3     4     6     6     6     6     5
      3     3     5     4     3     3     3     2     3     3     3     2     2     1     1     1     1     1     1     1
   3346  3139  3320  3058  3184  3178  3509  2855  2959  3502  3113  3158  2605  3154  3507  3266  3080  3085  3430  3506
   2819  3131  3098  3444  3198  2633  3067  3529  3231  2680  3164  3372  2744  3154  2749  3127  3584  2879  2748  3164
   2684  3524  3347  3320  2950  3043  3313  3409  3460  3484  2926  2939  2671  3022  3197  3153  3485  2591  2711  2807
   3085  3038  3518  2676  2608  3298  2731  3497  2949  3416  2784  3380  2637  3210  2827  2660  3221  3538  2857  2862
   2577  3298  3531  3227  3323  3188  2919  3551  3143  3486  3032  2592  3594  3315  3551  3366  3178  3596  2602  3326