| Found | Best  | Time  |
|956	|913	|10000	|
|1633	|1225	|10000	|
|573	|537	|10000	|
|2619	|2094	|10000	|
|1246	|990	|10000	|
|9376	|6955	|10000	|
|7417	|6324	|10000	|
|9263	|6865	|10000	|
|17315	|16225	|10000	|
|11295	|9737	|10000	|
|20014	|17465	|10000	|
|21432	|19312	|10000	|
|30291	|29256	|10000	|
|15028	|14377	|10000	|
|27139	|26914	|10000	|
|72723	|72317	|10000	|
|79511	|78623	|10000	|
|74981	|74310	|10000	|
|77578	|77122	|10000	|
|63368	|63229	|10000	|
|78438	|77774	|10000	|
|100626	|100484	|10000	|
|138438	|135618	|10000	|
|120332	|119947	|10000	|
|129206	|128747	|10000	|
|298	|108	|10000	|
|70	|64	|10000	|
|15	|15	|16	|
|300	|47	|10000	|
|392	|98	|10000	|
|7389	|6575	|10000	|
|6102	|4098	|10000	|
|8138	|5468	|10000	|
|4039	|2648	|10000	|
|5341	|5290	|10000	|
|21530	|19732	|10000	|
|18981	|17349	|10000	|
|26755	|24499	|10000	|
|21377	|19008	|10000	|
|21655	|19611	|10000	|
|63870	|57640	|10000	|
|81704	|81462	|10000	|
|66165	|65134	|10000	|
|78427	|78139	|10000	|
|68284	|66579	|10000	|
|64655	|64451	|10000	|
|114071	|113999	|10000	|
|75342	|74323	|10000	|
|110316	|110295	|10000	|
|95926	|95616	|10000	|
|0	|0	|9183	|
|0	|0	|1762	|
|0	|0	|91	|
|0	|0	|22	|
|0	|0	|89	|
|2883	|2099	|10000	|
|3626	|2260	|10000	|
|7228	|4936	|10000	|
|6867	|3784	|10000	|
|5890	|3289	|10000	|
|20335	|20281	|10000	|
|15225	|13403	|10000	|
|23151	|19771	|10000	|
|26159	|24346	|10000	|
|17233	|14905	|10000	|
|66697	|65386	|10000	|
|66148	|65756	|10000	|
|78387	|78451	|167	|
|83271	|81627	|10000	|
|70026	|68242	|10000	|
|90511	|90486	|10000	|
|114352	|115249	|66	|
|68709	|68529	|10000	|
|81228	|79006	|10000	|
|98244	|98110	|10000	|
|0	|0	|40	|
|0	|0	|16	|
|0	|0	|41	|
|0	|0	|85	|
|0	|0	|148	|
|1457	|684	|10000	|
|1150	|172	|10000	|
|1300	|798	|10000	|
|1747	|617	|10000	|
|1554	|776	|10000	|
|11201	|10262	|10000	|
|19611	|18646	|10000	|
|10037	|10021	|10000	|
|26855	|25881	|10000	|
|8782	|8159	|10000	|
|48525	|47683	|10000	|
|44345	|43004	|10000	|
|57695	|55730	|10000	|
|61096	|59494	|10000	|
|43007	|42688	|10000	|
|126181	|126048	|10000	|
|120194	|114686	|10000	|
|112322	|112102	|10000	|
|99229	|98206	|10000	|
|157852	|157296	|10000	|
|0	|0	|32	|
|0	|0	|82	|
|0	|0	|3860	|
|0	|0	|32	|
|0	|0	|142	|
|149	|0	|10000	|
|1603	|516	|10000	|
|4677	|3354	|10000	|
|0	|0	|202	|
|0	|0	|750	|
|33842	|31478	|10000	|
|23415	|21169	|10000	|
|27903	|27077	|10000	|
|22318	|19648	|10000	|
|15197	|13774	|10000	|
|52347	|46770	|10000	|
|57062	|50364	|10000	|
|27186	|25460	|10000	|
|66707	|66707	|1236	|
|71427	|69019	|10000	|
|121329	|122266	|59	|
|83044	|82456	|10000	|
|78744	|75118	|10000	|
|73591	|73041	|10000	|
|108825	|104531	|10000	|
