| Found | Best  | Time  |
|1508	|913	|1000	|
|1805	|1225	|1000	|
|951	|537	|1000	|
|2884	|2094	|1000	|
|1130	|990	|1000	|
|8001	|6955	|1000	|
|7056	|6324	|1000	|
|7819	|6865	|1000	|
|16981	|16225	|1000	|
|13355	|9737	|1000	|
|21434	|17465	|1000	|
|20462	|19312	|1000	|
|31005	|29256	|1000	|
|16114	|14377	|1000	|
|27141	|26914	|1000	|
|73799	|72317	|1000	|
|82684	|78623	|1000	|
|75650	|74310	|1000	|
|79146	|77122	|1000	|
|63719	|63229	|1000	|
|78276	|77774	|1000	|
|100526	|100484	|1000	|
|135747	|135618	|1000	|
|120711	|119947	|1000	|
|133155	|128747	|1000	|
|484	|108	|1000	|
|70	|64	|1000	|
|329	|15	|1000	|
|738	|47	|1000	|
|194	|98	|1000	|
|8837	|6575	|1000	|
|6098	|4098	|1000	|
|5649	|5468	|1000	|
|4342	|2648	|1000	|
|7041	|5290	|1000	|
|20813	|19732	|1000	|
|18962	|17349	|1000	|
|29965	|24499	|1000	|
|22832	|19008	|1000	|
|22766	|19611	|1000	|
|62718	|57640	|1000	|
|87582	|81462	|1000	|
|65262	|65134	|1000	|
|81714	|78139	|1000	|
|67681	|66579	|1000	|
|65408	|64451	|1000	|
|114631	|113999	|1000	|
|78268	|74323	|1000	|
|110603	|110295	|1000	|
|95808	|95616	|1000	|
|704	|0	|1000	|
|0	|0	|183	|
|0	|0	|23	|
|24	|0	|1000	|
|0	|0	|224	|
|3975	|2099	|1000	|
|3753	|2260	|1000	|
|9716	|4936	|1000	|
|6539	|3784	|1000	|
|6151	|3289	|1000	|
|21605	|20281	|1000	|
|15192	|13403	|1000	|
|20772	|19771	|1000	|
|32694	|24346	|1000	|
|21222	|14905	|1000	|
|68124	|65386	|1000	|
|68559	|65756	|1000	|
|78078	|78451	|399	|
|84141	|81627	|1000	|
|70171	|68242	|1000	|
|92957	|90486	|1000	|
|114943	|115249	|124	|
|69090	|68529	|1000	|
|79553	|79006	|1000	|
|98168	|98110	|1000	|
|0	|0	|376	|
|0	|0	|85	|
|0	|0	|29	|
|0	|0	|606	|
|0	|0	|324	|
|1519	|684	|1000	|
|532	|172	|1000	|
|3851	|798	|1000	|
|4441	|617	|1000	|
|1519	|776	|1000	|
|11998	|10262	|1000	|
|21050	|18646	|1000	|
|11755	|10021	|1000	|
|31655	|25881	|1000	|
|11889	|8159	|1000	|
|50582	|47683	|1000	|
|45567	|43004	|1000	|
|59176	|55730	|1000	|
|63905	|59494	|1000	|
|43896	|42688	|1000	|
|126286	|126048	|1000	|
|114762	|114686	|1000	|
|112561	|112102	|1000	|
|98900	|98206	|1000	|
|158229	|157296	|1000	|
|0	|0	|85	|
|0	|0	|818	|
|136	|0	|1000	|
|0	|0	|80	|
|0	|0	|332	|
|2534	|0	|1000	|
|1443	|516	|1000	|
|7496	|3354	|1000	|
|0	|0	|837	|
|72	|0	|1000	|
|34454	|31478	|1000	|
|22917	|21169	|1000	|
|30261	|27077	|1000	|
|21251	|19648	|1000	|
|16679	|13774	|1000	|
|47723	|46770	|1000	|
|54392	|50364	|1000	|
|31155	|25460	|1000	|
|66952	|66707	|1000	|
|69794	|69019	|1000	|
|117830	|122266	|42	|
|83468	|82456	|1000	|
|75820	|75118	|1000	|
|74092	|73041	|1000	|
|107289	|104531	|1000	|
