| Found | Best  | Time  |
|930	|913	|10000	|
|1716	|1225	|10000	|
|643	|537	|10000	|
|2289	|2094	|10000	|
|1296	|990	|10000	|
|8119	|6955	|10000	|
|7709	|6324	|10000	|
|8613	|6865	|10000	|
|16537	|16225	|10000	|
|10426	|9737	|10000	|
|18065	|17465	|10000	|
|19684	|19312	|10000	|
|30570	|29256	|10000	|
|15209	|14377	|10000	|
|27931	|26914	|10000	|
|72784	|72317	|10000	|
|79179	|78623	|10000	|
|74362	|74310	|10000	|
|79483	|77122	|10000	|
|63979	|63229	|10000	|
|77781	|77774	|10000	|
|102298	|100484	|10000	|
|135653	|135618	|10000	|
|120617	|119947	|10000	|
|129801	|128747	|10000	|
|144	|108	|10000	|
|70	|64	|10000	|
|15	|15	|293	|
|176	|47	|10000	|
|105	|98	|10000	|
|6575	|6575	|419	|
|5048	|4098	|10000	|
|5971	|5468	|10000	|
|3446	|2648	|10000	|
|6505	|5290	|10000	|
|22098	|19732	|10000	|
|18841	|17349	|10000	|
|27546	|24499	|10000	|
|21114	|19008	|10000	|
|22323	|19611	|10000	|
|60396	|57640	|10000	|
|81677	|81462	|10000	|
|67473	|65134	|10000	|
|79617	|78139	|10000	|
|68348	|66579	|10000	|
|64772	|64451	|10000	|
|116465	|113999	|10000	|
|74573	|74323	|10000	|
|111580	|110295	|10000	|
|95730	|95616	|10000	|
|125	|0	|10000	|
|0	|0	|199	|
|0	|0	|20	|
|0	|0	|132	|
|24	|0	|10000	|
|2602	|2099	|10000	|
|3464	|2260	|10000	|
|6872	|4936	|10000	|
|4217	|3784	|10000	|
|5339	|3289	|10000	|
|23098	|20281	|10000	|
|13901	|13403	|10000	|
|22354	|19771	|10000	|
|31339	|24346	|10000	|
|16059	|14905	|10000	|
|66549	|65386	|10000	|
|65977	|65756	|10000	|
|78355	|78451	|229	|
|84222	|81627	|10000	|
|69534	|68242	|10000	|
|92218	|90486	|10000	|
|114419	|115249	|44	|
|68819	|68529	|10000	|
|81619	|79006	|10000	|
|98422	|98110	|10000	|
|0	|0	|87	|
|0	|0	|182	|
|0	|0	|16	|
|0	|0	|53	|
|0	|0	|79	|
|2648	|684	|10000	|
|1369	|172	|10000	|
|1300	|798	|10000	|
|2829	|617	|10000	|
|867	|776	|10000	|
|12460	|10262	|10000	|
|18676	|18646	|10000	|
|12683	|10021	|10000	|
|26425	|25881	|10000	|
|10156	|8159	|10000	|
|49584	|47683	|10000	|
|45042	|43004	|10000	|
|57643	|55730	|10000	|
|61256	|59494	|10000	|
|43986	|42688	|10000	|
|126112	|126048	|10000	|
|114701	|114686	|10000	|
|114648	|112102	|10000	|
|100015	|98206	|10000	|
|158015	|157296	|10000	|
|0	|0	|98	|
|0	|0	|38	|
|102	|0	|10000	|
|0	|0	|31	|
|0	|0	|21	|
|0	|0	|464	|
|877	|516	|10000	|
|5783	|3354	|10000	|
|0	|0	|186	|
|0	|0	|5918	|
|32916	|31478	|10000	|
|22840	|21169	|10000	|
|27473	|27077	|10000	|
|20636	|19648	|10000	|
|15123	|13774	|10000	|
|47532	|46770	|10000	|
|52113	|50364	|10000	|
|25893	|25460	|10000	|
|67025	|66707	|10000	|
|69776	|69019	|10000	|
|120484	|122266	|38	|
|82691	|82456	|10000	|
|75678	|75118	|10000	|
|73259	|73041	|10000	|
|104689	|104531	|10000	|
