| Found | Best  | Time  |
|1154	|913	|1000	|
|1634	|1225	|1000	|
|573	|537	|1000	|
|3083	|2094	|1000	|
|1412	|990	|1000	|
|7558	|6955	|1000	|
|7179	|6324	|1000	|
|7821	|6865	|1000	|
|18218	|16225	|1000	|
|10626	|9737	|1000	|
|17804	|17465	|1000	|
|20286	|19312	|1000	|
|32294	|29256	|1000	|
|15513	|14377	|1000	|
|27139	|26914	|1000	|
|73281	|72317	|1000	|
|78969	|78623	|1000	|
|75696	|74310	|1000	|
|77653	|77122	|1000	|
|65873	|63229	|1000	|
|78105	|77774	|1000	|
|104929	|100484	|1000	|
|135653	|135618	|1000	|
|120674	|119947	|1000	|
|128756	|128747	|1000	|
|144	|108	|1000	|
|70	|64	|1000	|
|15	|15	|506	|
|396	|47	|1000	|
|316	|98	|1000	|
|6709	|6575	|1000	|
|5799	|4098	|1000	|
|7266	|5468	|1000	|
|3355	|2648	|1000	|
|9094	|5290	|1000	|
|22015	|19732	|1000	|
|22251	|17349	|1000	|
|26745	|24499	|1000	|
|19895	|19008	|1000	|
|23118	|19611	|1000	|
|57962	|57640	|1000	|
|81852	|81462	|1000	|
|65263	|65134	|1000	|
|80173	|78139	|1000	|
|68743	|66579	|1000	|
|70413	|64451	|1000	|
|116203	|113999	|1000	|
|74642	|74323	|1000	|
|113168	|110295	|1000	|
|96097	|95616	|1000	|
|1467	|0	|1000	|
|0	|0	|147	|
|0	|0	|346	|
|0	|0	|70	|
|0	|0	|191	|
|3040	|2099	|1000	|
|3464	|2260	|1000	|
|7202	|4936	|1000	|
|4853	|3784	|1000	|
|4838	|3289	|1000	|
|23273	|20281	|1000	|
|16231	|13403	|1000	|
|21225	|19771	|1000	|
|26704	|24346	|1000	|
|16125	|14905	|1000	|
|68832	|65386	|1000	|
|66140	|65756	|1000	|
|78023	|78451	|270	|
|82851	|81627	|1000	|
|69448	|68242	|1000	|
|90511	|90486	|1000	|
|114874	|115249	|62	|
|68534	|68529	|1000	|
|80107	|79006	|1000	|
|98502	|98110	|1000	|
|0	|0	|39	|
|0	|0	|50	|
|0	|0	|24	|
|0	|0	|24	|
|0	|0	|169	|
|1954	|684	|1000	|
|1150	|172	|1000	|
|1548	|798	|1000	|
|3107	|617	|1000	|
|1586	|776	|1000	|
|13384	|10262	|1000	|
|19663	|18646	|1000	|
|10665	|10021	|1000	|
|28179	|25881	|1000	|
|9247	|8159	|1000	|
|49105	|47683	|1000	|
|43825	|43004	|1000	|
|56426	|55730	|1000	|
|63047	|59494	|1000	|
|47770	|42688	|1000	|
|126182	|126048	|1000	|
|115228	|114686	|1000	|
|114137	|112102	|1000	|
|99059	|98206	|1000	|
|157782	|157296	|1000	|
|0	|0	|24	|
|0	|0	|122	|
|0	|0	|680	|
|0	|0	|30	|
|0	|0	|192	|
|79	|0	|1000	|
|2649	|516	|1000	|
|5765	|3354	|1000	|
|0	|0	|229	|
|21	|0	|1000	|
|36200	|31478	|1000	|
|21325	|21169	|1000	|
|28130	|27077	|1000	|
|24001	|19648	|1000	|
|17246	|13774	|1000	|
|47452	|46770	|1000	|
|52476	|50364	|1000	|
|26370	|25460	|1000	|
|66835	|66707	|1000	|
|70208	|69019	|1000	|
|121980	|122266	|36	|
|82658	|82456	|1000	|
|78846	|75118	|1000	|
|73452	|73041	|1000	|
|104802	|104531	|1000	|
