| Found | Best  | Time  |
|956	|913	|5000	|
|1825	|1225	|5000	|
|951	|537	|5000	|
|2169	|2094	|5000	|
|1280	|990	|5000	|
|7709	|6955	|5000	|
|6571	|6324	|5000	|
|8016	|6865	|5000	|
|16486	|16225	|5000	|
|9873	|9737	|5000	|
|18331	|17465	|5000	|
|19475	|19312	|5000	|
|30590	|29256	|5000	|
|14529	|14377	|5000	|
|27886	|26914	|5000	|
|72741	|72317	|5000	|
|78839	|78623	|5000	|
|75021	|74310	|5000	|
|79128	|77122	|5000	|
|63894	|63229	|5000	|
|78973	|77774	|5000	|
|100677	|100484	|5000	|
|136880	|135618	|5000	|
|120653	|119947	|5000	|
|129206	|128747	|5000	|
|144	|108	|5000	|
|70	|64	|5000	|
|48	|15	|5000	|
|300	|47	|5000	|
|392	|98	|5000	|
|6704	|6575	|5000	|
|4610	|4098	|5000	|
|5587	|5468	|5000	|
|2986	|2648	|5000	|
|6159	|5290	|5000	|
|22698	|19732	|5000	|
|18083	|17349	|5000	|
|27735	|24499	|5000	|
|20341	|19008	|5000	|
|21336	|19611	|5000	|
|62671	|57640	|5000	|
|81804	|81462	|5000	|
|65753	|65134	|5000	|
|79018	|78139	|5000	|
|68388	|66579	|5000	|
|64726	|64451	|5000	|
|113999	|113999	|1125	|
|74424	|74323	|5000	|
|110959	|110295	|5000	|
|95927	|95616	|5000	|
|0	|0	|2999	|
|0	|0	|63	|
|0	|0	|19	|
|0	|0	|90	|
|0	|0	|772	|
|3004	|2099	|5000	|
|3656	|2260	|5000	|
|6922	|4936	|5000	|
|5646	|3784	|5000	|
|5311	|3289	|5000	|
|20965	|20281	|5000	|
|14632	|13403	|5000	|
|20857	|19771	|5000	|
|25796	|24346	|5000	|
|19155	|14905	|5000	|
|67661	|65386	|5000	|
|66282	|65756	|5000	|
|78789	|78451	|5000	|
|84551	|81627	|5000	|
|69173	|68242	|5000	|
|91296	|90486	|5000	|
|114981	|115249	|110	|
|68570	|68529	|5000	|
|80579	|79006	|5000	|
|98722	|98110	|5000	|
|0	|0	|107	|
|0	|0	|22	|
|0	|0	|16	|
|0	|0	|97	|
|0	|0	|159	|
|868	|684	|5000	|
|1150	|172	|5000	|
|1741	|798	|5000	|
|5160	|617	|5000	|
|1220	|776	|5000	|
|10839	|10262	|5000	|
|19501	|18646	|5000	|
|10670	|10021	|5000	|
|25982	|25881	|5000	|
|9150	|8159	|5000	|
|49940	|47683	|5000	|
|43620	|43004	|5000	|
|57223	|55730	|5000	|
|60919	|59494	|5000	|
|43342	|42688	|5000	|
|126146	|126048	|5000	|
|115045	|114686	|5000	|
|112746	|112102	|5000	|
|100639	|98206	|5000	|
|166719	|157296	|5000	|
|0	|0	|16	|
|0	|0	|250	|
|0	|0	|439	|
|0	|0	|25	|
|0	|0	|47	|
|0	|0	|2912	|
|945	|516	|5000	|
|4890	|3354	|5000	|
|0	|0	|257	|
|0	|0	|1461	|
|33234	|31478	|5000	|
|22228	|21169	|5000	|
|29009	|27077	|5000	|
|22727	|19648	|5000	|
|14959	|13774	|5000	|
|49793	|46770	|5000	|
|52007	|50364	|5000	|
|26994	|25460	|5000	|
|66833	|66707	|5000	|
|70291	|69019	|5000	|
|122216	|122266	|36	|
|83090	|82456	|5000	|
|76112	|75118	|5000	|
|73123	|73041	|5000	|
|104653	|104531	|5000	|
