| Found | Best  | Time  |
|1508	|913	|5000	|
|1535	|1225	|5000	|
|573	|537	|5000	|
|3041	|2094	|5000	|
|1296	|990	|5000	|
|7748	|6955	|5000	|
|6709	|6324	|5000	|
|7555	|6865	|5000	|
|18191	|16225	|5000	|
|11908	|9737	|5000	|
|19543	|17465	|5000	|
|19608	|19312	|5000	|
|30657	|29256	|5000	|
|14685	|14377	|5000	|
|27139	|26914	|5000	|
|73634	|72317	|5000	|
|79090	|78623	|5000	|
|74945	|74310	|5000	|
|77470	|77122	|5000	|
|65806	|63229	|5000	|
|78424	|77774	|5000	|
|100533	|100484	|5000	|
|136366	|135618	|5000	|
|120028	|119947	|5000	|
|128828	|128747	|5000	|
|144	|108	|5000	|
|70	|64	|5000	|
|15	|15	|1731	|
|1044	|47	|5000	|
|98	|98	|3853	|
|6602	|6575	|5000	|
|6856	|4098	|5000	|
|7723	|5468	|5000	|
|2822	|2648	|5000	|
|6466	|5290	|5000	|
|20717	|19732	|5000	|
|18422	|17349	|5000	|
|29090	|24499	|5000	|
|20731	|19008	|5000	|
|20316	|19611	|5000	|
|63807	|57640	|5000	|
|82506	|81462	|5000	|
|67375	|65134	|5000	|
|78294	|78139	|5000	|
|69413	|66579	|5000	|
|68999	|64451	|5000	|
|114113	|113999	|5000	|
|77115	|74323	|5000	|
|110792	|110295	|5000	|
|95753	|95616	|5000	|
|990	|0	|5000	|
|0	|0	|54	|
|0	|0	|38	|
|0	|0	|336	|
|0	|0	|431	|
|2901	|2099	|5000	|
|3672	|2260	|5000	|
|9185	|4936	|5000	|
|3784	|3784	|3173	|
|5075	|3289	|5000	|
|22213	|20281	|5000	|
|20761	|13403	|5000	|
|20803	|19771	|5000	|
|25394	|24346	|5000	|
|17463	|14905	|5000	|
|70926	|65386	|5000	|
|66012	|65756	|5000	|
|79149	|78451	|5000	|
|83951	|81627	|5000	|
|69302	|68242	|5000	|
|93069	|90486	|5000	|
|115114	|115249	|192	|
|68564	|68529	|5000	|
|79605	|79006	|5000	|
|99725	|98110	|5000	|
|0	|0	|170	|
|0	|0	|56	|
|0	|0	|32	|
|0	|0	|202	|
|0	|0	|493	|
|949	|684	|5000	|
|606	|172	|5000	|
|1594	|798	|5000	|
|2116	|617	|5000	|
|1163	|776	|5000	|
|12178	|10262	|5000	|
|19831	|18646	|5000	|
|10668	|10021	|5000	|
|26862	|25881	|5000	|
|9540	|8159	|5000	|
|51419	|47683	|5000	|
|45263	|43004	|5000	|
|56719	|55730	|5000	|
|62925	|59494	|5000	|
|47051	|42688	|5000	|
|127660	|126048	|5000	|
|114768	|114686	|5000	|
|112956	|112102	|5000	|
|98643	|98206	|5000	|
|157561	|157296	|5000	|
|0	|0	|164	|
|0	|0	|573	|
|0	|0	|2691	|
|0	|0	|97	|
|0	|0	|154	|
|0	|0	|1504	|
|751	|516	|5000	|
|4267	|3354	|5000	|
|0	|0	|318	|
|1808	|0	|5000	|
|32231	|31478	|5000	|
|21992	|21169	|5000	|
|28560	|27077	|5000	|
|24508	|19648	|5000	|
|14935	|13774	|5000	|
|47349	|46770	|5000	|
|52185	|50364	|5000	|
|25834	|25460	|5000	|
|66817	|66707	|5000	|
|70303	|69019	|5000	|
|121353	|122266	|157	|
|82883	|82456	|5000	|
|76201	|75118	|5000	|
|75617	|73041	|5000	|
|107955	|104531	|5000	|
