| Found | Best  | Time  |
|956	|913	|5000	|
|1353	|1225	|5000	|
|573	|537	|5000	|
|2615	|2094	|5000	|
|1147	|990	|5000	|
|7399	|6955	|5000	|
|7179	|6324	|5000	|
|7176	|6865	|5000	|
|17798	|16225	|5000	|
|10111	|9737	|5000	|
|18331	|17465	|5000	|
|19577	|19312	|5000	|
|30532	|29256	|5000	|
|14773	|14377	|5000	|
|28021	|26914	|5000	|
|73951	|72317	|5000	|
|79541	|78623	|5000	|
|74991	|74310	|5000	|
|77152	|77122	|5000	|
|66576	|63229	|5000	|
|78424	|77774	|5000	|
|102602	|100484	|5000	|
|138985	|135618	|5000	|
|119967	|119947	|5000	|
|131021	|128747	|5000	|
|144	|108	|5000	|
|70	|64	|5000	|
|48	|15	|5000	|
|300	|47	|5000	|
|392	|98	|5000	|
|7389	|6575	|5000	|
|5516	|4098	|5000	|
|6345	|5468	|5000	|
|3206	|2648	|5000	|
|5723	|5290	|5000	|
|26085	|19732	|5000	|
|19369	|17349	|5000	|
|25112	|24499	|5000	|
|22067	|19008	|5000	|
|22095	|19611	|5000	|
|58737	|57640	|5000	|
|81758	|81462	|5000	|
|69485	|65134	|5000	|
|80282	|78139	|5000	|
|69169	|66579	|5000	|
|65091	|64451	|5000	|
|113999	|113999	|1849	|
|75008	|74323	|5000	|
|111147	|110295	|5000	|
|95679	|95616	|5000	|
|0	|0	|3532	|
|0	|0	|4605	|
|0	|0	|192	|
|0	|0	|150	|
|0	|0	|33	|
|2883	|2099	|5000	|
|3293	|2260	|5000	|
|7294	|4936	|5000	|
|8376	|3784	|5000	|
|3909	|3289	|5000	|
|20611	|20281	|5000	|
|15573	|13403	|5000	|
|20489	|19771	|5000	|
|27063	|24346	|5000	|
|16018	|14905	|5000	|
|67238	|65386	|5000	|
|65866	|65756	|5000	|
|77947	|78451	|307	|
|86121	|81627	|5000	|
|68425	|68242	|5000	|
|92281	|90486	|5000	|
|114843	|115249	|182	|
|74546	|68529	|5000	|
|80308	|79006	|5000	|
|99053	|98110	|5000	|
|0	|0	|89	|
|0	|0	|42	|
|0	|0	|7	|
|0	|0	|212	|
|0	|0	|258	|
|1818	|684	|5000	|
|184	|172	|5000	|
|1300	|798	|5000	|
|3226	|617	|5000	|
|1190	|776	|5000	|
|11545	|10262	|5000	|
|20180	|18646	|5000	|
|13132	|10021	|5000	|
|27029	|25881	|5000	|
|9307	|8159	|5000	|
|53141	|47683	|5000	|
|45881	|43004	|5000	|
|58421	|55730	|5000	|
|62243	|59494	|5000	|
|43431	|42688	|5000	|
|127360	|126048	|5000	|
|115506	|114686	|5000	|
|112990	|112102	|5000	|
|99301	|98206	|5000	|
|157488	|157296	|5000	|
|0	|0	|53	|
|0	|0	|150	|
|0	|0	|963	|
|0	|0	|117	|
|0	|0	|118	|
|0	|0	|1318	|
|924	|516	|5000	|
|5897	|3354	|5000	|
|0	|0	|459	|
|0	|0	|538	|
|36428	|31478	|5000	|
|24154	|21169	|5000	|
|27241	|27077	|5000	|
|24068	|19648	|5000	|
|17054	|13774	|5000	|
|47394	|46770	|5000	|
|51546	|50364	|5000	|
|26888	|25460	|5000	|
|67162	|66707	|5000	|
|72322	|69019	|5000	|
|121111	|122266	|106	|
|87171	|82456	|5000	|
|77139	|75118	|5000	|
|74361	|73041	|5000	|
|108168	|104531	|5000	|
