| Found | Best  | Time  |
|956	|913	|5000	|
|1618	|1225	|5000	|
|951	|537	|5000	|
|2939	|2094	|5000	|
|990	|990	|381	|
|7505	|6955	|5000	|
|6500	|6324	|5000	|
|7049	|6865	|5000	|
|17160	|16225	|5000	|
|10248	|9737	|5000	|
|18065	|17465	|5000	|
|20286	|19312	|5000	|
|29929	|29256	|5000	|
|15307	|14377	|5000	|
|27085	|26914	|5000	|
|73487	|72317	|5000	|
|80318	|78623	|5000	|
|75277	|74310	|5000	|
|79450	|77122	|5000	|
|64431	|63229	|5000	|
|77793	|77774	|5000	|
|100661	|100484	|5000	|
|136366	|135618	|5000	|
|120331	|119947	|5000	|
|130719	|128747	|5000	|
|223	|108	|5000	|
|70	|64	|5000	|
|48	|15	|5000	|
|176	|47	|5000	|
|362	|98	|5000	|
|6765	|6575	|5000	|
|4225	|4098	|5000	|
|6852	|5468	|5000	|
|4659	|2648	|5000	|
|7766	|5290	|5000	|
|20773	|19732	|5000	|
|19620	|17349	|5000	|
|27350	|24499	|5000	|
|19824	|19008	|5000	|
|21947	|19611	|5000	|
|62758	|57640	|5000	|
|83908	|81462	|5000	|
|65434	|65134	|5000	|
|78749	|78139	|5000	|
|69154	|66579	|5000	|
|64675	|64451	|5000	|
|116195	|113999	|5000	|
|77216	|74323	|5000	|
|110644	|110295	|5000	|
|95693	|95616	|5000	|
|990	|0	|5000	|
|45	|0	|5000	|
|0	|0	|25	|
|0	|0	|32	|
|0	|0	|2511	|
|2593	|2099	|5000	|
|2951	|2260	|5000	|
|8819	|4936	|5000	|
|4537	|3784	|5000	|
|3909	|3289	|5000	|
|21577	|20281	|5000	|
|14224	|13403	|5000	|
|21692	|19771	|5000	|
|24346	|24346	|3032	|
|18923	|14905	|5000	|
|66305	|65386	|5000	|
|66340	|65756	|5000	|
|78345	|78451	|338	|
|83959	|81627	|5000	|
|70109	|68242	|5000	|
|91466	|90486	|5000	|
|114690	|115249	|88	|
|70212	|68529	|5000	|
|79375	|79006	|5000	|
|101455	|98110	|5000	|
|0	|0	|38	|
|0	|0	|137	|
|0	|0	|34	|
|0	|0	|49	|
|0	|0	|154	|
|978	|684	|5000	|
|1150	|172	|5000	|
|1321	|798	|5000	|
|2820	|617	|5000	|
|1199	|776	|5000	|
|10683	|10262	|5000	|
|19056	|18646	|5000	|
|10631	|10021	|5000	|
|26035	|25881	|5000	|
|8709	|8159	|5000	|
|50329	|47683	|5000	|
|44668	|43004	|5000	|
|56429	|55730	|5000	|
|60082	|59494	|5000	|
|46229	|42688	|5000	|
|126696	|126048	|5000	|
|114762	|114686	|5000	|
|112322	|112102	|5000	|
|99318	|98206	|5000	|
|157783	|157296	|5000	|
|0	|0	|18	|
|0	|0	|35	|
|115	|0	|5000	|
|0	|0	|25	|
|0	|0	|164	|
|0	|0	|1073	|
|747	|516	|5000	|
|5920	|3354	|5000	|
|0	|0	|224	|
|0	|0	|408	|
|35275	|31478	|5000	|
|22831	|21169	|5000	|
|27290	|27077	|5000	|
|23465	|19648	|5000	|
|14538	|13774	|5000	|
|49860	|46770	|5000	|
|51146	|50364	|5000	|
|27364	|25460	|5000	|
|66943	|66707	|5000	|
|69765	|69019	|5000	|
|121875	|122266	|48	|
|84489	|82456	|5000	|
|76333	|75118	|5000	|
|73509	|73041	|5000	|
|104531	|104531	|4581	|
