| Found | Best  | Time  |
|1646	|913	|10000	|
|1513	|1225	|10000	|
|573	|537	|10000	|
|2154	|2094	|10000	|
|1090	|990	|10000	|
|8522	|6955	|10000	|
|6571	|6324	|10000	|
|6924	|6865	|10000	|
|18090	|16225	|10000	|
|11223	|9737	|10000	|
|17876	|17465	|10000	|
|19532	|19312	|10000	|
|30064	|29256	|10000	|
|15035	|14377	|10000	|
|27931	|26914	|10000	|
|72542	|72317	|10000	|
|79523	|78623	|10000	|
|74318	|74310	|10000	|
|85632	|77122	|10000	|
|65681	|63229	|10000	|
|78229	|77774	|10000	|
|100661	|100484	|10000	|
|136880	|135618	|10000	|
|119967	|119947	|10000	|
|132171	|128747	|10000	|
|108	|108	|6724	|
|64	|64	|52	|
|15	|15	|190	|
|396	|47	|10000	|
|362	|98	|10000	|
|6575	|6575	|982	|
|4371	|4098	|10000	|
|8145	|5468	|10000	|
|2822	|2648	|10000	|
|6505	|5290	|10000	|
|20680	|19732	|10000	|
|18926	|17349	|10000	|
|31780	|24499	|10000	|
|20674	|19008	|10000	|
|20703	|19611	|10000	|
|61595	|57640	|10000	|
|82418	|81462	|10000	|
|65778	|65134	|10000	|
|78959	|78139	|10000	|
|70029	|66579	|10000	|
|64548	|64451	|10000	|
|114254	|113999	|10000	|
|76401	|74323	|10000	|
|110657	|110295	|10000	|
|95666	|95616	|10000	|
|781	|0	|10000	|
|0	|0	|16	|
|0	|0	|16	|
|0	|0	|320	|
|0	|0	|146	|
|2655	|2099	|10000	|
|3171	|2260	|10000	|
|8819	|4936	|10000	|
|4551	|3784	|10000	|
|4259	|3289	|10000	|
|23510	|20281	|10000	|
|13907	|13403	|10000	|
|26844	|19771	|10000	|
|26189	|24346	|10000	|
|17747	|14905	|10000	|
|70152	|65386	|10000	|
|67372	|65756	|10000	|
|78391	|78451	|203	|
|85436	|81627	|10000	|
|69691	|68242	|10000	|
|90842	|90486	|10000	|
|114924	|115249	|84	|
|69508	|68529	|10000	|
|80220	|79006	|10000	|
|102071	|98110	|10000	|
|0	|0	|24	|
|0	|0	|221	|
|0	|0	|13	|
|0	|0	|110	|
|0	|0	|231	|
|999	|684	|10000	|
|1150	|172	|10000	|
|1318	|798	|10000	|
|2769	|617	|10000	|
|1085	|776	|10000	|
|10860	|10262	|10000	|
|21329	|18646	|10000	|
|11734	|10021	|10000	|
|26243	|25881	|10000	|
|12005	|8159	|10000	|
|48251	|47683	|10000	|
|49226	|43004	|10000	|
|57064	|55730	|10000	|
|60721	|59494	|10000	|
|44559	|42688	|10000	|
|126289	|126048	|10000	|
|114701	|114686	|10000	|
|112499	|112102	|10000	|
|99812	|98206	|10000	|
|157376	|157296	|10000	|
|0	|0	|52	|
|0	|0	|211	|
|48	|0	|10000	|
|0	|0	|50	|
|0	|0	|102	|
|0	|0	|294	|
|919	|516	|10000	|
|4267	|3354	|10000	|
|0	|0	|390	|
|0	|0	|844	|
|34278	|31478	|10000	|
|22574	|21169	|10000	|
|28149	|27077	|10000	|
|21153	|19648	|10000	|
|16880	|13774	|10000	|
|49299	|46770	|10000	|
|50890	|50364	|10000	|
|26244	|25460	|10000	|
|66833	|66707	|10000	|
|69019	|69019	|908	|
|120606	|122266	|44	|
|82884	|82456	|10000	|
|75883	|75118	|10000	|
|73244	|73041	|10000	|
|104653	|104531	|10000	|
