| Found | Best  | Time  |
|1012	|913	|1000	|
|1575	|1225	|1000	|
|3245	|537	|1000	|
|3080	|2094	|1000	|
|1592	|990	|1000	|
|7902	|6955	|1000	|
|7200	|6324	|1000	|
|8706	|6865	|1000	|
|17282	|16225	|1000	|
|11390	|9737	|1000	|
|17562	|17465	|1000	|
|20578	|19312	|1000	|
|31682	|29256	|1000	|
|15391	|14377	|1000	|
|27886	|26914	|1000	|
|73816	|72317	|1000	|
|79255	|78623	|1000	|
|75192	|74310	|1000	|
|77555	|77122	|1000	|
|63977	|63229	|1000	|
|80038	|77774	|1000	|
|100839	|100484	|1000	|
|135653	|135618	|1000	|
|119947	|119947	|768	|
|129822	|128747	|1000	|
|144	|108	|1000	|
|70	|64	|1000	|
|15	|15	|116	|
|738	|47	|1000	|
|392	|98	|1000	|
|7459	|6575	|1000	|
|5950	|4098	|1000	|
|7347	|5468	|1000	|
|3124	|2648	|1000	|
|7871	|5290	|1000	|
|20927	|19732	|1000	|
|17399	|17349	|1000	|
|29781	|24499	|1000	|
|21180	|19008	|1000	|
|21199	|19611	|1000	|
|63161	|57640	|1000	|
|82440	|81462	|1000	|
|66069	|65134	|1000	|
|78417	|78139	|1000	|
|68434	|66579	|1000	|
|65174	|64451	|1000	|
|114398	|113999	|1000	|
|74402	|74323	|1000	|
|111150	|110295	|1000	|
|95941	|95616	|1000	|
|0	|0	|248	|
|0	|0	|15	|
|0	|0	|15	|
|0	|0	|121	|
|0	|0	|113	|
|2883	|2099	|1000	|
|3312	|2260	|1000	|
|8379	|4936	|1000	|
|4214	|3784	|1000	|
|6205	|3289	|1000	|
|20932	|20281	|1000	|
|14996	|13403	|1000	|
|22674	|19771	|1000	|
|24979	|24346	|1000	|
|17245	|14905	|1000	|
|67879	|65386	|1000	|
|66138	|65756	|1000	|
|78264	|78451	|304	|
|84629	|81627	|1000	|
|69913	|68242	|1000	|
|90514	|90486	|1000	|
|114954	|115249	|91	|
|68718	|68529	|1000	|
|81494	|79006	|1000	|
|98490	|98110	|1000	|
|0	|0	|31	|
|0	|0	|73	|
|0	|0	|19	|
|0	|0	|105	|
|0	|0	|253	|
|2817	|684	|1000	|
|1150	|172	|1000	|
|1684	|798	|1000	|
|2510	|617	|1000	|
|1038	|776	|1000	|
|11571	|10262	|1000	|
|20173	|18646	|1000	|
|12254	|10021	|1000	|
|26150	|25881	|1000	|
|9611	|8159	|1000	|
|48845	|47683	|1000	|
|43573	|43004	|1000	|
|56874	|55730	|1000	|
|61031	|59494	|1000	|
|42907	|42688	|1000	|
|126345	|126048	|1000	|
|116577	|114686	|1000	|
|112197	|112102	|1000	|
|100058	|98206	|1000	|
|157543	|157296	|1000	|
|0	|0	|54	|
|0	|0	|716	|
|91	|0	|1000	|
|0	|0	|20	|
|0	|0	|123	|
|433	|0	|1000	|
|1173	|516	|1000	|
|6019	|3354	|1000	|
|0	|0	|230	|
|0	|0	|700	|
|36418	|31478	|1000	|
|24161	|21169	|1000	|
|29113	|27077	|1000	|
|20611	|19648	|1000	|
|17814	|13774	|1000	|
|49706	|46770	|1000	|
|52489	|50364	|1000	|
|26549	|25460	|1000	|
|67054	|66707	|1000	|
|69220	|69019	|1000	|
|120776	|122266	|67	|
|82603	|82456	|1000	|
|76398	|75118	|1000	|
|73591	|73041	|1000	|
|105586	|104531	|1000	|
