| Found | Best  | Time  |
|1508	|913	|5000	|
|1481	|1225	|5000	|
|583	|537	|5000	|
|2907	|2094	|5000	|
|1280	|990	|5000	|
|7334	|6955	|5000	|
|6636	|6324	|5000	|
|7021	|6865	|5000	|
|18082	|16225	|5000	|
|10957	|9737	|5000	|
|18611	|17465	|5000	|
|19823	|19312	|5000	|
|30653	|29256	|5000	|
|14574	|14377	|5000	|
|28944	|26914	|5000	|
|73774	|72317	|5000	|
|79023	|78623	|5000	|
|74626	|74310	|5000	|
|80695	|77122	|5000	|
|67997	|63229	|5000	|
|80037	|77774	|5000	|
|101519	|100484	|5000	|
|136366	|135618	|5000	|
|120286	|119947	|5000	|
|130618	|128747	|5000	|
|108	|108	|936	|
|70	|64	|5000	|
|15	|15	|214	|
|396	|47	|5000	|
|105	|98	|5000	|
|7539	|6575	|5000	|
|4997	|4098	|5000	|
|7255	|5468	|5000	|
|2895	|2648	|5000	|
|5377	|5290	|5000	|
|20932	|19732	|5000	|
|19382	|17349	|5000	|
|29609	|24499	|5000	|
|20074	|19008	|5000	|
|20651	|19611	|5000	|
|60775	|57640	|5000	|
|82347	|81462	|5000	|
|68546	|65134	|5000	|
|80397	|78139	|5000	|
|69507	|66579	|5000	|
|64459	|64451	|5000	|
|116713	|113999	|5000	|
|74347	|74323	|5000	|
|110322	|110295	|5000	|
|96667	|95616	|5000	|
|0	|0	|218	|
|0	|0	|157	|
|0	|0	|123	|
|0	|0	|161	|
|0	|0	|146	|
|2842	|2099	|5000	|
|3632	|2260	|5000	|
|8078	|4936	|5000	|
|5606	|3784	|5000	|
|4676	|3289	|5000	|
|20586	|20281	|5000	|
|14118	|13403	|5000	|
|22939	|19771	|5000	|
|26006	|24346	|5000	|
|16101	|14905	|5000	|
|67295	|65386	|5000	|
|65976	|65756	|5000	|
|78097	|78451	|331	|
|83714	|81627	|5000	|
|70172	|68242	|5000	|
|91350	|90486	|5000	|
|114872	|115249	|101	|
|68605	|68529	|5000	|
|79263	|79006	|5000	|
|99626	|98110	|5000	|
|0	|0	|15	|
|0	|0	|49	|
|0	|0	|9	|
|0	|0	|171	|
|0	|0	|434	|
|2649	|684	|5000	|
|1150	|172	|5000	|
|2050	|798	|5000	|
|2820	|617	|5000	|
|914	|776	|5000	|
|11226	|10262	|5000	|
|19620	|18646	|5000	|
|12101	|10021	|5000	|
|26766	|25881	|5000	|
|8942	|8159	|5000	|
|49033	|47683	|5000	|
|43725	|43004	|5000	|
|57967	|55730	|5000	|
|60228	|59494	|5000	|
|42996	|42688	|5000	|
|126688	|126048	|5000	|
|118150	|114686	|5000	|
|112348	|112102	|5000	|
|100671	|98206	|5000	|
|158015	|157296	|5000	|
|0	|0	|81	|
|0	|0	|115	|
|0	|0	|3067	|
|0	|0	|22	|
|0	|0	|62	|
|0	|0	|1275	|
|679	|516	|5000	|
|5080	|3354	|5000	|
|0	|0	|239	|
|0	|0	|1396	|
|36679	|31478	|5000	|
|23245	|21169	|5000	|
|27216	|27077	|5000	|
|25121	|19648	|5000	|
|20424	|13774	|5000	|
|47019	|46770	|5000	|
|52101	|50364	|5000	|
|27105	|25460	|5000	|
|66857	|66707	|5000	|
|69990	|69019	|5000	|
|122226	|122266	|53	|
|83289	|82456	|5000	|
|75979	|75118	|5000	|
|73273	|73041	|5000	|
|104830	|104531	|5000	|
