| Found | Best  | Time  |
|1423	|913	|10000	|
|1535	|1225	|10000	|
|671	|537	|10000	|
|2387	|2094	|10000	|
|1091	|990	|10000	|
|8092	|6955	|10000	|
|6324	|6324	|5029	|
|6968	|6865	|10000	|
|16659	|16225	|10000	|
|10109	|9737	|10000	|
|18065	|17465	|10000	|
|20305	|19312	|10000	|
|30474	|29256	|10000	|
|15298	|14377	|10000	|
|27917	|26914	|10000	|
|73089	|72317	|10000	|
|78919	|78623	|10000	|
|75857	|74310	|10000	|
|78638	|77122	|10000	|
|63489	|63229	|10000	|
|78217	|77774	|10000	|
|100839	|100484	|10000	|
|135737	|135618	|10000	|
|120008	|119947	|10000	|
|129801	|128747	|10000	|
|144	|108	|10000	|
|70	|64	|10000	|
|48	|15	|10000	|
|306	|47	|10000	|
|362	|98	|10000	|
|7539	|6575	|10000	|
|4098	|4098	|3408	|
|6335	|5468	|10000	|
|3033	|2648	|10000	|
|5768	|5290	|10000	|
|21501	|19732	|10000	|
|18984	|17349	|10000	|
|27617	|24499	|10000	|
|19564	|19008	|10000	|
|20543	|19611	|10000	|
|60066	|57640	|10000	|
|82048	|81462	|10000	|
|68455	|65134	|10000	|
|79669	|78139	|10000	|
|67312	|66579	|10000	|
|65205	|64451	|10000	|
|117245	|113999	|10000	|
|74359	|74323	|10000	|
|110565	|110295	|10000	|
|96074	|95616	|10000	|
|0	|0	|1280	|
|0	|0	|291	|
|0	|0	|66	|
|0	|0	|216	|
|0	|0	|312	|
|2883	|2099	|10000	|
|3882	|2260	|10000	|
|7336	|4936	|10000	|
|3880	|3784	|10000	|
|6128	|3289	|10000	|
|23586	|20281	|10000	|
|14345	|13403	|10000	|
|22871	|19771	|10000	|
|25714	|24346	|10000	|
|17747	|14905	|10000	|
|67762	|65386	|10000	|
|68311	|65756	|10000	|
|78402	|78451	|471	|
|83698	|81627	|10000	|
|71442	|68242	|10000	|
|92218	|90486	|10000	|
|115135	|115249	|150	|
|68679	|68529	|10000	|
|79160	|79006	|10000	|
|102629	|98110	|10000	|
|0	|0	|31	|
|0	|0	|379	|
|0	|0	|3	|
|0	|0	|62	|
|0	|0	|249	|
|2286	|684	|10000	|
|355	|172	|10000	|
|1652	|798	|10000	|
|2743	|617	|10000	|
|1088	|776	|10000	|
|11295	|10262	|10000	|
|19850	|18646	|10000	|
|11191	|10021	|10000	|
|27314	|25881	|10000	|
|10739	|8159	|10000	|
|50682	|47683	|10000	|
|44065	|43004	|10000	|
|57875	|55730	|10000	|
|63004	|59494	|10000	|
|46045	|42688	|10000	|
|126264	|126048	|10000	|
|119796	|114686	|10000	|
|112447	|112102	|10000	|
|99581	|98206	|10000	|
|159604	|157296	|10000	|
|0	|0	|98	|
|0	|0	|361	|
|0	|0	|3931	|
|0	|0	|34	|
|0	|0	|190	|
|0	|0	|1154	|
|1017	|516	|10000	|
|3832	|3354	|10000	|
|0	|0	|189	|
|33	|0	|10000	|
|33627	|31478	|10000	|
|22262	|21169	|10000	|
|28567	|27077	|10000	|
|23261	|19648	|10000	|
|18355	|13774	|10000	|
|49813	|46770	|10000	|
|53014	|50364	|10000	|
|27267	|25460	|10000	|
|68928	|66707	|10000	|
|71523	|69019	|10000	|
|122144	|122266	|74	|
|85056	|82456	|10000	|
|75809	|75118	|10000	|
|77598	|73041	|10000	|
|104686	|104531	|10000	|
