| Found | Best  | Time  |
|1523	|913	|1000	|
|1559	|1225	|1000	|
|951	|537	|1000	|
|2768	|2094	|1000	|
|1091	|990	|1000	|
|8940	|6955	|1000	|
|6748	|6324	|1000	|
|8278	|6865	|1000	|
|17127	|16225	|1000	|
|10759	|9737	|1000	|
|20517	|17465	|1000	|
|20524	|19312	|1000	|
|30904	|29256	|1000	|
|15976	|14377	|1000	|
|27662	|26914	|1000	|
|73834	|72317	|1000	|
|80333	|78623	|1000	|
|74982	|74310	|1000	|
|83266	|77122	|1000	|
|66184	|63229	|1000	|
|77817	|77774	|1000	|
|101546	|100484	|1000	|
|136998	|135618	|1000	|
|120141	|119947	|1000	|
|134486	|128747	|1000	|
|589	|108	|1000	|
|646	|64	|1000	|
|48	|15	|1000	|
|1132	|47	|1000	|
|500	|98	|1000	|
|7405	|6575	|1000	|
|5105	|4098	|1000	|
|5929	|5468	|1000	|
|2673	|2648	|1000	|
|6947	|5290	|1000	|
|23077	|19732	|1000	|
|20421	|17349	|1000	|
|28634	|24499	|1000	|
|20679	|19008	|1000	|
|21175	|19611	|1000	|
|60400	|57640	|1000	|
|81572	|81462	|1000	|
|68870	|65134	|1000	|
|79553	|78139	|1000	|
|69741	|66579	|1000	|
|64677	|64451	|1000	|
|116639	|113999	|1000	|
|81365	|74323	|1000	|
|110645	|110295	|1000	|
|96166	|95616	|1000	|
|1457	|0	|1000	|
|0	|0	|128	|
|0	|0	|38	|
|0	|0	|193	|
|0	|0	|186	|
|2735	|2099	|1000	|
|2996	|2260	|1000	|
|8976	|4936	|1000	|
|3784	|3784	|853	|
|7469	|3289	|1000	|
|22064	|20281	|1000	|
|16334	|13403	|1000	|
|21524	|19771	|1000	|
|31169	|24346	|1000	|
|19391	|14905	|1000	|
|66689	|65386	|1000	|
|66336	|65756	|1000	|
|78399	|78451	|860	|
|84425	|81627	|1000	|
|68914	|68242	|1000	|
|91098	|90486	|1000	|
|115140	|115249	|203	|
|69886	|68529	|1000	|
|80993	|79006	|1000	|
|98289	|98110	|1000	|
|0	|0	|134	|
|0	|0	|275	|
|0	|0	|108	|
|0	|0	|220	|
|0	|0	|441	|
|2933	|684	|1000	|
|1038	|172	|1000	|
|1890	|798	|1000	|
|4951	|617	|1000	|
|1435	|776	|1000	|
|16098	|10262	|1000	|
|21014	|18646	|1000	|
|11038	|10021	|1000	|
|26967	|25881	|1000	|
|12074	|8159	|1000	|
|51712	|47683	|1000	|
|44708	|43004	|1000	|
|58629	|55730	|1000	|
|63842	|59494	|1000	|
|45933	|42688	|1000	|
|126126	|126048	|1000	|
|116468	|114686	|1000	|
|113163	|112102	|1000	|
|99009	|98206	|1000	|
|162039	|157296	|1000	|
|0	|0	|91	|
|96	|0	|1000	|
|0	|0	|536	|
|0	|0	|45	|
|0	|0	|205	|
|136	|0	|1000	|
|1911	|516	|1000	|
|7237	|3354	|1000	|
|12	|0	|1000	|
|0	|0	|783	|
|34277	|31478	|1000	|
|24186	|21169	|1000	|
|28697	|27077	|1000	|
|24829	|19648	|1000	|
|16477	|13774	|1000	|
|50134	|46770	|1000	|
|52227	|50364	|1000	|
|28223	|25460	|1000	|
|75836	|66707	|1000	|
|69669	|69019	|1000	|
|121862	|122266	|56	|
|83291	|82456	|1000	|
|77534	|75118	|1000	|
|73514	|73041	|1000	|
|105595	|104531	|1000	|
