| Found | Best  | Time  |
|1427	|913	|1000	|
|1805	|1225	|1000	|
|951	|537	|1000	|
|2762	|2094	|1000	|
|1296	|990	|1000	|
|8386	|6955	|1000	|
|6571	|6324	|1000	|
|9569	|6865	|1000	|
|20693	|16225	|1000	|
|12366	|9737	|1000	|
|17465	|17465	|904	|
|20128	|19312	|1000	|
|30410	|29256	|1000	|
|14958	|14377	|1000	|
|29029	|26914	|1000	|
|72780	|72317	|1000	|
|79616	|78623	|1000	|
|74755	|74310	|1000	|
|79061	|77122	|1000	|
|65492	|63229	|1000	|
|78112	|77774	|1000	|
|100549	|100484	|1000	|
|135775	|135618	|1000	|
|120073	|119947	|1000	|
|133634	|128747	|1000	|
|804	|108	|1000	|
|70	|64	|1000	|
|232	|15	|1000	|
|300	|47	|1000	|
|362	|98	|1000	|
|10769	|6575	|1000	|
|7042	|4098	|1000	|
|7571	|5468	|1000	|
|3054	|2648	|1000	|
|7384	|5290	|1000	|
|21828	|19732	|1000	|
|19371	|17349	|1000	|
|30296	|24499	|1000	|
|23266	|19008	|1000	|
|20929	|19611	|1000	|
|60983	|57640	|1000	|
|85265	|81462	|1000	|
|66496	|65134	|1000	|
|79909	|78139	|1000	|
|69077	|66579	|1000	|
|69471	|64451	|1000	|
|114887	|113999	|1000	|
|75648	|74323	|1000	|
|112007	|110295	|1000	|
|96861	|95616	|1000	|
|719	|0	|1000	|
|0	|0	|498	|
|0	|0	|79	|
|0	|0	|164	|
|0	|0	|212	|
|2599	|2099	|1000	|
|4418	|2260	|1000	|
|7505	|4936	|1000	|
|4191	|3784	|1000	|
|5518	|3289	|1000	|
|24366	|20281	|1000	|
|15876	|13403	|1000	|
|21444	|19771	|1000	|
|32331	|24346	|1000	|
|20834	|14905	|1000	|
|70712	|65386	|1000	|
|70237	|65756	|1000	|
|78320	|78451	|395	|
|83637	|81627	|1000	|
|70820	|68242	|1000	|
|94269	|90486	|1000	|
|115207	|115249	|80	|
|70228	|68529	|1000	|
|79661	|79006	|1000	|
|98795	|98110	|1000	|
|0	|0	|312	|
|0	|0	|109	|
|0	|0	|28	|
|0	|0	|146	|
|0	|0	|659	|
|2761	|684	|1000	|
|2684	|172	|1000	|
|2821	|798	|1000	|
|3909	|617	|1000	|
|1591	|776	|1000	|
|13718	|10262	|1000	|
|20394	|18646	|1000	|
|11512	|10021	|1000	|
|31985	|25881	|1000	|
|13322	|8159	|1000	|
|49266	|47683	|1000	|
|45623	|43004	|1000	|
|61326	|55730	|1000	|
|60766	|59494	|1000	|
|44626	|42688	|1000	|
|127643	|126048	|1000	|
|116881	|114686	|1000	|
|114269	|112102	|1000	|
|98664	|98206	|1000	|
|157891	|157296	|1000	|
|0	|0	|22	|
|0	|0	|366	|
|458	|0	|1000	|
|0	|0	|53	|
|0	|0	|36	|
|800	|0	|1000	|
|2852	|516	|1000	|
|7174	|3354	|1000	|
|0	|0	|445	|
|694	|0	|1000	|
|39010	|31478	|1000	|
|23236	|21169	|1000	|
|32503	|27077	|1000	|
|22624	|19648	|1000	|
|17380	|13774	|1000	|
|49517	|46770	|1000	|
|57952	|50364	|1000	|
|28965	|25460	|1000	|
|67259	|66707	|1000	|
|70745	|69019	|1000	|
|122264	|122266	|118	|
|83223	|82456	|1000	|
|77035	|75118	|1000	|
|75881	|73041	|1000	|
|105442	|104531	|1000	|
