| Found | Best  | Time  |
|1032	|913	|5000	|
|1634	|1225	|5000	|
|951	|537	|5000	|
|2538	|2094	|5000	|
|1296	|990	|5000	|
|7621	|6955	|5000	|
|6571	|6324	|5000	|
|11637	|6865	|5000	|
|16567	|16225	|5000	|
|10374	|9737	|5000	|
|17562	|17465	|5000	|
|20256	|19312	|5000	|
|29969	|29256	|5000	|
|14529	|14377	|5000	|
|27139	|26914	|5000	|
|77127	|72317	|5000	|
|80712	|78623	|5000	|
|75947	|74310	|5000	|
|78316	|77122	|5000	|
|68480	|63229	|5000	|
|77786	|77774	|5000	|
|104214	|100484	|5000	|
|139132	|135618	|5000	|
|120021	|119947	|5000	|
|129015	|128747	|5000	|
|144	|108	|5000	|
|70	|64	|5000	|
|48	|15	|5000	|
|374	|47	|5000	|
|105	|98	|5000	|
|8533	|6575	|5000	|
|6623	|4098	|5000	|
|6254	|5468	|5000	|
|2880	|2648	|5000	|
|5625	|5290	|5000	|
|24196	|19732	|5000	|
|17582	|17349	|5000	|
|28750	|24499	|5000	|
|20824	|19008	|5000	|
|20302	|19611	|5000	|
|59904	|57640	|5000	|
|81732	|81462	|5000	|
|65453	|65134	|5000	|
|78993	|78139	|5000	|
|68802	|66579	|5000	|
|64490	|64451	|5000	|
|116649	|113999	|5000	|
|74576	|74323	|5000	|
|110779	|110295	|5000	|
|95927	|95616	|5000	|
|0	|0	|3202	|
|0	|0	|1152	|
|0	|0	|102	|
|0	|0	|358	|
|0	|0	|1660	|
|2533	|2099	|5000	|
|3023	|2260	|5000	|
|6660	|4936	|5000	|
|5286	|3784	|5000	|
|4955	|3289	|5000	|
|22955	|20281	|5000	|
|14652	|13403	|5000	|
|23210	|19771	|5000	|
|31545	|24346	|5000	|
|18071	|14905	|5000	|
|65386	|65386	|4005	|
|67622	|65756	|5000	|
|78158	|78451	|482	|
|85536	|81627	|5000	|
|69544	|68242	|5000	|
|91296	|90486	|5000	|
|114398	|115249	|134	|
|70208	|68529	|5000	|
|81128	|79006	|5000	|
|98639	|98110	|5000	|
|0	|0	|415	|
|0	|0	|818	|
|0	|0	|47	|
|0	|0	|226	|
|0	|0	|229	|
|3216	|684	|5000	|
|216	|172	|5000	|
|1212	|798	|5000	|
|3181	|617	|5000	|
|1084	|776	|5000	|
|11592	|10262	|5000	|
|20568	|18646	|5000	|
|13774	|10021	|5000	|
|30186	|25881	|5000	|
|8380	|8159	|5000	|
|51013	|47683	|5000	|
|44479	|43004	|5000	|
|59888	|55730	|5000	|
|62065	|59494	|5000	|
|45696	|42688	|5000	|
|126199	|126048	|5000	|
|114704	|114686	|5000	|
|112499	|112102	|5000	|
|99220	|98206	|5000	|
|159262	|157296	|5000	|
|0	|0	|88	|
|0	|0	|260	|
|18	|0	|5000	|
|0	|0	|60	|
|0	|0	|151	|
|0	|0	|3525	|
|1512	|516	|5000	|
|6847	|3354	|5000	|
|0	|0	|418	|
|0	|0	|2838	|
|36148	|31478	|5000	|
|23082	|21169	|5000	|
|28503	|27077	|5000	|
|23475	|19648	|5000	|
|14465	|13774	|5000	|
|47099	|46770	|5000	|
|51719	|50364	|5000	|
|29641	|25460	|5000	|
|66707	|66707	|2905	|
|69445	|69019	|5000	|
|119751	|122266	|75	|
|83290	|82456	|5000	|
|75804	|75118	|5000	|
|76706	|73041	|5000	|
|107408	|104531	|5000	|
