| Found | Best  | Time  |
|1675	|913	|10000	|
|1716	|1225	|10000	|
|951	|537	|10000	|
|2289	|2094	|10000	|
|1149	|990	|10000	|
|8430	|6955	|10000	|
|6571	|6324	|10000	|
|8454	|6865	|10000	|
|16518	|16225	|10000	|
|10240	|9737	|10000	|
|18065	|17465	|10000	|
|21631	|19312	|10000	|
|32211	|29256	|10000	|
|14902	|14377	|10000	|
|27239	|26914	|10000	|
|73158	|72317	|10000	|
|80650	|78623	|10000	|
|78030	|74310	|10000	|
|78476	|77122	|10000	|
|64977	|63229	|10000	|
|79138	|77774	|10000	|
|102854	|100484	|10000	|
|136880	|135618	|10000	|
|120035	|119947	|10000	|
|128819	|128747	|10000	|
|108	|108	|1070	|
|70	|64	|10000	|
|48	|15	|10000	|
|176	|47	|10000	|
|362	|98	|10000	|
|7389	|6575	|10000	|
|5094	|4098	|10000	|
|5821	|5468	|10000	|
|3054	|2648	|10000	|
|6410	|5290	|10000	|
|20835	|19732	|10000	|
|17587	|17349	|10000	|
|25541	|24499	|10000	|
|19369	|19008	|10000	|
|21655	|19611	|10000	|
|60783	|57640	|10000	|
|81726	|81462	|10000	|
|65453	|65134	|10000	|
|80764	|78139	|10000	|
|73433	|66579	|10000	|
|64685	|64451	|10000	|
|115741	|113999	|10000	|
|74912	|74323	|10000	|
|110410	|110295	|10000	|
|95670	|95616	|10000	|
|0	|0	|750	|
|0	|0	|1317	|
|0	|0	|219	|
|0	|0	|69	|
|0	|0	|774	|
|2214	|2099	|10000	|
|2804	|2260	|10000	|
|5004	|4936	|10000	|
|5606	|3784	|10000	|
|3878	|3289	|10000	|
|20767	|20281	|10000	|
|14572	|13403	|10000	|
|22279	|19771	|10000	|
|30457	|24346	|10000	|
|16565	|14905	|10000	|
|66519	|65386	|10000	|
|67496	|65756	|10000	|
|79938	|78451	|10000	|
|86903	|81627	|10000	|
|69622	|68242	|10000	|
|90486	|90486	|1529	|
|115041	|115249	|126	|
|68679	|68529	|10000	|
|80479	|79006	|10000	|
|98362	|98110	|10000	|
|0	|0	|253	|
|0	|0	|1687	|
|0	|0	|88	|
|0	|0	|170	|
|0	|0	|544	|
|2286	|684	|10000	|
|1190	|172	|10000	|
|1438	|798	|10000	|
|2221	|617	|10000	|
|972	|776	|10000	|
|10425	|10262	|10000	|
|20255	|18646	|10000	|
|11775	|10021	|10000	|
|30389	|25881	|10000	|
|13991	|8159	|10000	|
|48291	|47683	|10000	|
|44024	|43004	|10000	|
|57451	|55730	|10000	|
|64851	|59494	|10000	|
|43464	|42688	|10000	|
|127660	|126048	|10000	|
|122755	|114686	|10000	|
|113630	|112102	|10000	|
|98740	|98206	|10000	|
|163083	|157296	|10000	|
|0	|0	|49	|
|0	|0	|185	|
|40	|0	|10000	|
|0	|0	|95	|
|0	|0	|397	|
|0	|0	|3505	|
|603	|516	|10000	|
|4653	|3354	|10000	|
|0	|0	|901	|
|0	|0	|1467	|
|36595	|31478	|10000	|
|22687	|21169	|10000	|
|30137	|27077	|10000	|
|21647	|19648	|10000	|
|16165	|13774	|10000	|
|47065	|46770	|10000	|
|53408	|50364	|10000	|
|26950	|25460	|10000	|
|68000	|66707	|10000	|
|75059	|69019	|10000	|
|120020	|122266	|37	|
|84551	|82456	|10000	|
|75821	|75118	|10000	|
|73105	|73041	|10000	|
|107435	|104531	|10000	|
