| Found | Best  | Time  |
|1012	|913	|1000	|
|1534	|1225	|1000	|
|951	|537	|1000	|
|2376	|2094	|1000	|
|1147	|990	|1000	|
|8185	|6955	|1000	|
|7492	|6324	|1000	|
|9039	|6865	|1000	|
|16932	|16225	|1000	|
|10323	|9737	|1000	|
|18104	|17465	|1000	|
|19693	|19312	|1000	|
|30383	|29256	|1000	|
|15320	|14377	|1000	|
|27886	|26914	|1000	|
|72564	|72317	|1000	|
|80114	|78623	|1000	|
|74418	|74310	|1000	|
|77470	|77122	|1000	|
|64637	|63229	|1000	|
|78792	|77774	|1000	|
|100591	|100484	|1000	|
|136880	|135618	|1000	|
|120252	|119947	|1000	|
|130618	|128747	|1000	|
|108	|108	|336	|
|726	|64	|1000	|
|48	|15	|1000	|
|396	|47	|1000	|
|105	|98	|1000	|
|7539	|6575	|1000	|
|4574	|4098	|1000	|
|6759	|5468	|1000	|
|4114	|2648	|1000	|
|9131	|5290	|1000	|
|22166	|19732	|1000	|
|18245	|17349	|1000	|
|27257	|24499	|1000	|
|19624	|19008	|1000	|
|20659	|19611	|1000	|
|60707	|57640	|1000	|
|81767	|81462	|1000	|
|65355	|65134	|1000	|
|79065	|78139	|1000	|
|68768	|66579	|1000	|
|64490	|64451	|1000	|
|114824	|113999	|1000	|
|74580	|74323	|1000	|
|110638	|110295	|1000	|
|96667	|95616	|1000	|
|187	|0	|1000	|
|0	|0	|83	|
|0	|0	|54	|
|0	|0	|21	|
|0	|0	|276	|
|2443	|2099	|1000	|
|2984	|2260	|1000	|
|5774	|4936	|1000	|
|5782	|3784	|1000	|
|4443	|3289	|1000	|
|21516	|20281	|1000	|
|14796	|13403	|1000	|
|21465	|19771	|1000	|
|27137	|24346	|1000	|
|17609	|14905	|1000	|
|67928	|65386	|1000	|
|66598	|65756	|1000	|
|77841	|78451	|335	|
|82870	|81627	|1000	|
|69427	|68242	|1000	|
|91324	|90486	|1000	|
|114839	|115249	|66	|
|69561	|68529	|1000	|
|79534	|79006	|1000	|
|98110	|98110	|787	|
|0	|0	|9	|
|0	|0	|61	|
|0	|0	|9	|
|0	|0	|151	|
|0	|0	|286	|
|1380	|684	|1000	|
|1150	|172	|1000	|
|1318	|798	|1000	|
|2865	|617	|1000	|
|1368	|776	|1000	|
|12973	|10262	|1000	|
|19826	|18646	|1000	|
|12847	|10021	|1000	|
|26503	|25881	|1000	|
|9488	|8159	|1000	|
|49876	|47683	|1000	|
|44607	|43004	|1000	|
|56940	|55730	|1000	|
|60023	|59494	|1000	|
|43731	|42688	|1000	|
|126194	|126048	|1000	|
|114704	|114686	|1000	|
|112198	|112102	|1000	|
|98746	|98206	|1000	|
|159098	|157296	|1000	|
|0	|0	|160	|
|0	|0	|81	|
|106	|0	|1000	|
|0	|0	|42	|
|0	|0	|98	|
|24	|0	|1000	|
|1047	|516	|1000	|
|6231	|3354	|1000	|
|0	|0	|76	|
|1860	|0	|1000	|
|38479	|31478	|1000	|
|23713	|21169	|1000	|
|29352	|27077	|1000	|
|19862	|19648	|1000	|
|19379	|13774	|1000	|
|48537	|46770	|1000	|
|52049	|50364	|1000	|
|27810	|25460	|1000	|
|67093	|66707	|1000	|
|69480	|69019	|1000	|
|122218	|122266	|35	|
|83608	|82456	|1000	|
|75635	|75118	|1000	|
|76172	|73041	|1000	|
|108440	|104531	|1000	|
