| Found | Best  | Time  |
|1154	|913	|10000	|
|1468	|1225	|10000	|
|951	|537	|10000	|
|2615	|2094	|10000	|
|1090	|990	|10000	|
|7828	|6955	|10000	|
|7704	|6324	|10000	|
|7264	|6865	|10000	|
|20293	|16225	|10000	|
|10881	|9737	|10000	|
|18065	|17465	|10000	|
|19312	|19312	|9280	|
|31583	|29256	|10000	|
|15320	|14377	|10000	|
|28444	|26914	|10000	|
|72558	|72317	|10000	|
|80700	|78623	|10000	|
|74995	|74310	|10000	|
|80787	|77122	|10000	|
|64979	|63229	|10000	|
|77774	|77774	|1710	|
|100759	|100484	|10000	|
|136366	|135618	|10000	|
|125007	|119947	|10000	|
|128747	|128747	|1185	|
|171	|108	|10000	|
|70	|64	|10000	|
|48	|15	|10000	|
|176	|47	|10000	|
|105	|98	|10000	|
|8372	|6575	|10000	|
|4098	|4098	|8073	|
|6544	|5468	|10000	|
|3533	|2648	|10000	|
|5643	|5290	|10000	|
|20051	|19732	|10000	|
|18594	|17349	|10000	|
|26901	|24499	|10000	|
|19686	|19008	|10000	|
|21897	|19611	|10000	|
|64769	|57640	|10000	|
|82340	|81462	|10000	|
|65914	|65134	|10000	|
|78540	|78139	|10000	|
|71543	|66579	|10000	|
|64726	|64451	|10000	|
|113999	|113999	|3440	|
|74353	|74323	|10000	|
|110322	|110295	|10000	|
|97903	|95616	|10000	|
|134	|0	|10000	|
|0	|0	|1026	|
|0	|0	|42	|
|0	|0	|1134	|
|0	|0	|534	|
|3671	|2099	|10000	|
|3656	|2260	|10000	|
|7588	|4936	|10000	|
|6691	|3784	|10000	|
|5772	|3289	|10000	|
|22083	|20281	|10000	|
|19141	|13403	|10000	|
|21743	|19771	|10000	|
|26669	|24346	|10000	|
|16736	|14905	|10000	|
|66105	|65386	|10000	|
|66316	|65756	|10000	|
|81925	|78451	|10000	|
|84334	|81627	|10000	|
|68642	|68242	|10000	|
|94112	|90486	|10000	|
|115135	|115249	|237	|
|69496	|68529	|10000	|
|79550	|79006	|10000	|
|98259	|98110	|10000	|
|0	|0	|22	|
|0	|0	|27	|
|0	|0	|38	|
|0	|0	|213	|
|0	|0	|312	|
|2286	|684	|10000	|
|1150	|172	|10000	|
|2760	|798	|10000	|
|3055	|617	|10000	|
|849	|776	|10000	|
|11634	|10262	|10000	|
|21489	|18646	|10000	|
|10960	|10021	|10000	|
|27325	|25881	|10000	|
|10425	|8159	|10000	|
|49295	|47683	|10000	|
|46792	|43004	|10000	|
|58789	|55730	|10000	|
|66532	|59494	|10000	|
|47286	|42688	|10000	|
|126155	|126048	|10000	|
|118074	|114686	|10000	|
|113630	|112102	|10000	|
|98743	|98206	|10000	|
|157951	|157296	|10000	|
|0	|0	|554	|
|0	|0	|192	|
|28	|0	|10000	|
|0	|0	|82	|
|0	|0	|211	|
|0	|0	|2183	|
|1023	|516	|10000	|
|3932	|3354	|10000	|
|0	|0	|647	|
|0	|0	|1188	|
|33960	|31478	|10000	|
|24290	|21169	|10000	|
|28374	|27077	|10000	|
|22058	|19648	|10000	|
|17007	|13774	|10000	|
|47604	|46770	|10000	|
|54048	|50364	|10000	|
|26635	|25460	|10000	|
|68517	|66707	|10000	|
|70208	|69019	|10000	|
|122145	|122266	|75	|
|85828	|82456	|10000	|
|76084	|75118	|10000	|
|74409	|73041	|10000	|
|105687	|104531	|10000	|
